0.0
0.0
0.0
0.8979
0.0
0.0
0.0
0.836
0.6249
0.0772
-0.5255
-0.4767
0.0
0.0
0.4466
0.3612
0.0
0.2732
0.0
0.1406
0.5984
0.928
0.8271
0.2732
0.0
0.1027
0.7003
0.4404
0.0
0.1779
-0.3182
0.0
0.0762
0.0
0.0
0.0
0.0
0.4019
0.0
0.5267
0.0
-0.128
0.2023
0.0
0.8225
0.0
-0.2732
0.0
0.0
0.0
0.0
0.0
0.0
0.0
0.4404
0.25
0.4404
0.0
0.0
0.0
0.3612
0.6124
-0.4019
0.0
-0.1027
0.5106
-0.4019
-0.4717
-0.4019
-0.4019
-0.4019
0.5719
0.4404
0.0
0.1506
0.4754
0.0
0.0
0.6486
0.0
0.3182
0.0
0.836
0.0
0.0
-0.3612
0.5267
0.5719
0.3182
0.0
-0.5423
0.0
0.0
0.0
0.2732
0.0
0.5719
0.0
0.0
0.0
-0.4939
-0.296
0.0
-0.4939
0.0
0.0
0.631
0.0
0.2732
0.0
0.6705
0.0
0.4019
0.0
0.0
0.0
-0.3818
-0.3612
0.296
0.3182
0.4391
0.4019
0.3818
-0.6908
0.6981
0.0
-0.5106
0.3182
-0.4588
0.0
0.0
0.0
-0.1027
0.2263
-0.4939
0.5312
-0.6847
0.0
0.0
0.0
0.0
0.0
-0.5267
-0.5267
0.4588
-0.5308
0.4548
-0.1531
0.3612
0.0
0.0
0.0
0.0
0.0
0.0
-0.5267
0.0
0.0
-0.2732
0.1779
0.1779
0.0
0.0
0.0
0.2732
0.1779
0.0772
-0.5106
0.0772
0.0
0.0
0.2263
0.3818
0.0
0.0
0.0
-0.4019
-0.5423
0.3612
-0.5267
0.5563
0.7717
0.2018
0.0
0.4215
0.0
0.0
0.0
0.2648
-0.128
0.0
0.0
0.0
0.0
0.0772
0.0
-0.34
0.3804
0.34
-0.4019
-0.5267
0.1779
0.0
0.4576
-0.3089
0.0
0.4215
0.1531
-0.5267
0.3412
-0.0572
0.4019
0.0
0.0772
0.6705
0.0
0.3182
-0.5517
0.4019
-0.7783
0.0
0.0
-0.3818
0.2023
-0.2263
0.8316
0.1531
0.5106
0.0
0.0
0.0
0.0
0.0445
-0.3802
0.0258
0.0
0.0
-0.4201
-0.3678
0.0
0.0
0.0
0.0
-0.296
0.0
0.0
0.0
0.0
0.0
0.3612
0.0
0.3182
-0.4019
0.3182
-0.4019
-0.4019
-0.3612
0.0
0.0
0.0
-0.3182
-0.4023
0.7579
0.0
0.0
0.6249
0.4019
-0.2732
0.0
0.0
0.3182
-0.4802
0.0
-0.5267
0.4023
0.1027
0.0
-0.0258
-0.8126
0.0
0.4019
0.0
-0.6486
0.0
0.0
0.0
0.0
-0.3891
0.0
-0.1263
0.8737
-0.3612
-0.4588
0.0
0.25
0.4404
0.0
0.0
0.7425
0.8074
0.0
0.0
0.6249
0.0
0.3895
0.0
0.25
0.0
0.0
-0.7269
-0.7269
0.0
-0.7087
0.5423
0.25
0.0
0.0
0.0
0.4927
0.0
-0.34
0.0
0.3612
-0.4215
0.25
0.0
0.0
0.1477
0.0
0.3384
0.0
0.3612
0.0
0.3612
0.0
0.0
0.0
0.0
0.0
0.0
0.0
0.6249
0.7506
0.0
0.0
0.0
-0.3612
0.0
-0.7269
0.0
-0.1027
0.4404
0.0
0.0
0.0
0.0
0.0
0.0
0.0
0.0
0.4404
0.4404
0.4404
-0.4767
0.0
0.0
0.0
0.0
0.0
-0.4767
0.2732
0.0
0.0
0.4404
0.0
0.0
0.0
0.0
0.0
0.0
0.0
-0.024
0.4215
0.0
-0.4019
0.0
0.0
-0.5938
0.0
-0.5106
0.0
-0.296
0.0
0.3182
0.3612
0.765
-0.0191
0.0
-0.5267
0.3182
0.0
-0.1027
-0.1027
0.0
0.0
0.0
0.0
-0.296
0.4939
0.4019
0.0
0.0
0.6908
0.25
0.0
0.6705
0.4767
0.0
0.2732
0.2023
0.0
0.0
-0.4215
-0.4019
0.0433
0.2235
0.0
0.0772
0.0
0.0
0.7096
0.2732
0.2732
0.3182
0.2263
-0.5719
-0.765
0.0
0.0
-0.4019
0.0
0.7861
0.0
0.0
0.0
0.6808
0.3818
0.3818
0.7003
-0.1877
0.5859
0.296
0.6597
0.0
0.3182
0.0
0.0258
0.5994
0.5962
0.0
-0.3612
-0.7845
0.0
0.0
-0.5994
0.7073
-0.6113
-0.5106
0.144
0.1935
0.3818
-0.6486
-0.6908
0.0
0.5267
0.0
0.0
0.0
0.0
0.5719
0.2732
0.0
0.0
0.443
-0.4404
0.0
-0.6249
0.0
0.4939
0.6124
-0.2057
0.8074
0.3612
0.0
-0.3662
-0.3612
-0.5267
0.34
0.6808
0.7096
0.34
0.0516
-0.7525
0.0
0.5423
0.34
0.6908
0.0
0.2023
-0.7096
0.0
-0.128
-0.886
0.0
0.0
0.5423
0.2924
0.2924
-0.836
-0.7964
0.5106
0.4867
-0.8176
-0.4939
0.4588
0.2732
-0.1477
0.0
0.4939
0.34
0.0
0.0
0.0
0.8957
0.4449
0.0
0.0
0.0772
0.0772
0.0772
0.5423
0.1139
0.0
0.0
0.2263
0.8481
0.0
0.5256
0.0
0.25
0.0
0.2732
0.0
0.0
-0.6486
-0.2213
0.0
0.0
0.3818
0.0
-0.2263
-0.5574
0.0
0.0
0.0
0.8357
0.0772
0.5678
0.0
0.0
0.0
0.6249
0.6249
0.0
0.0
0.1027
-0.603
0.0
0.4404
0.0
0.0
0.0
0.0
0.0
0.1655
-0.7269
-0.5423
-0.4215
-0.8246
0.0
0.2732
0.0
0.0
0.25
0.6908
0.0
-0.5106
0.0
0.0
0.2732
0.0
0.0
0.4939
0.0
0.0
0.0
0.0
0.0
0.0
0.0
-0.34
0.0258
0.0
0.0
-0.5256
0.0
0.0772
0.0
0.3182
0.0
0.0
0.0
-0.5994
-0.4019
0.0356
0.0
0.0
0.0
0.4404
0.0
0.4215
0.0
0.0
0.2732
0.0
0.0
0.0
-0.7219
0.0
-0.2755
0.0
0.0
0.0
0.0
0.0
0.0
0.0
-0.5719
-0.5719
0.0
0.4767
0.0
0.8481
0.0
0.0
0.5678
0.0
-0.7003
-0.34
-0.4585
0.0
0.4215
-0.296
-0.3252
0.0
0.6249
0.4767
-0.4717
0.0
-0.2263
0.8555
0.3818
0.0
0.25
0.0
0.0
-0.2732
0.2732
0.5859
0.4019
0.5849
0.4215
0.0
0.0
0.0
0.0
-0.9153
0.0
0.0
0.2732
0.0
0.3818
0.4939
-0.7181
0.7783
0.0
0.0
0.7269
0.0
0.6734
0.9493
0.8074
0.743
0.4767
-0.0572
-0.296
0.0
0.0
0.7501
0.1655
0.6486
0.4019
0.0
0.3612
0.0
-0.6576
0.0
0.0
0.0258
0.0
0.0
0.0
0.3612
0.0
0.0772
-0.4588
0.0772
-0.6705
0.0
0.2732
-0.6249
-0.128
-0.5267
-0.5267
-0.296
-0.4939
0.0
0.2263
0.0
-0.34
0.0
-0.3839
-0.5302
0.1022
0.0
0.3818
-0.7096
0.0
0.3612
0.0
0.0
0.2846
0.0
0.0
0.0772
0.0
0.0
0.0
-0.296
0.0
-0.2023
-0.4404
0.128
0.0
0.0
0.0
-0.6908
0.0
0.0
0.3818
0.2115
0.0
0.0
0.0
-0.7184
0.765
0.0
0.0
0.0
0.0258
0.0
0.0
0.0
0.5719
0.0
-0.2732
-0.6249
0.0
0.0
0.0
0.3818
0.0
-0.6486
0.3182
0.0
0.7783
-0.1531
0.0
0.0
0.0
-0.296
0.2732
0.0772
0.3612
0.5957
0.0609
0.3612
0.3818
0.6705
0.0
-0.2537
0.7351
0.0
0.0
0.7964
0.2732
0.0
0.0
0.0
0.0
0.0
0.0
0.0
0.0
0.0
0.0
0.7351
0.9081
0.5994
0.7096
0.0
0.2732
0.0
0.0
0.7391
0.0
0.0
0.0
0.0
0.0
0.0
0.296
0.6249
0.0
0.0
-0.34
0.3612
0.2617
0.8519
0.4939
0.0
0.6238
0.0
0.6124
0.0258
-0.1779
0.5758
0.2732
0.0
0.3182
-0.3818
0.0
0.5267
0.0
0.4215
0.0
0.7964
0.8687
0.0
0.0
0.0
0.7184
0.5994
0.7906
0.5994
0.4767
-0.34
0.4767
-0.0258
-0.765
0.7003
0.0
0.3818
-0.8442
0.0
0.0
0.0
-0.2023
0.0
0.0
0.0
0.0
0.0
0.0
0.4215
0.4939
0.4215
0.0772
0.0
0.0772
0.0772
0.0
0.34
-0.296
0.0
0.0
-0.2732
0.0
0.0
0.7096
0.0
0.5574
0.0
-0.3182
0.0
0.0
0.0
0.4215
-0.9042
-0.2006
-0.2263
-0.3182
-0.7506
0.25
0.0
0.0
0.0
0.0
-0.2732
-0.25
0.0
0.0
0.0
0.8957
0.0
0.0
0.3612
-0.4767
0.5423
0.3612
0.0
0.25
0.0
0.0772
0.1955
0.0
0.3612
0.0
0.0
0.0
-0.5574
0.0
-0.7269
0.0
0.5106
0.0
0.0
0.1531
0.2732
0.0
0.0
0.0
0.0
0.9107
-0.6249
0.0
0.3612
-0.4939
0.0
0.0
-0.2144
0.2732
0.8555
0.0
0.4404
0.0
-0.3182
-0.296
0.5719
0.5719
0.5719
0.128
0.0
0.0
0.0
0.7783
0.0
0.0
-0.6012
0.0
0.0
0.3818
0.0
0.4939
0.0
0.3612
-0.4588
-0.4717
0.0
0.0
0.0
0.0
0.4215
0.4939
0.6249
0.3612
0.4404
0.0
0.0
-0.2044
0.3612
0.0
0.0
0.7845
0.0
-0.6705
-0.5267
0.0
0.5574
0.5106
0.3612
0.0
0.3612
0.0
0.0
0.8126
0.8936
0.3182
0.0
0.0
0.6369
0.8126
0.5719
0.4019
0.0
0.0
-0.5594
0.875
0.0
0.0
0.0
0.9471
0.8074
0.3612
0.3612
0.0
0.7717
0.8555
0.596
0.3612
0.0
0.6908
0.6369
0.3818
0.6908
0.3818
0.0
0.3612
0.3612
0.0
0.4404
0.0
0.0
0.2837
0.7766
0.0
0.0
0.6369
0.4404
0.5367
0.8481
0.7783
0.6436
0.0
0.8779
0.0
0.0
0.0
0.8402
-0.4939
0.0
0.743
0.4767
0.1027
-0.296
0.0
0.8176
0.2732
0.0772
0.6249
0.8508
0.743
0.6249
0.7227
0.4767
-0.3724
0.0
0.7269
-0.128
0.0
-0.3597
0.4215
-0.2144
-0.743
0.0
0.5248
0.3777
0.0
0.0
0.0
0.0
0.0
0.0
0.6486
0.0772
0.5859
0.5719
-0.8221
0.0
0.0
0.7717
0.8746
-0.2411
0.4019
0.4767
0.25
0.4404
0.0
0.0
0.5106
-0.1027
0.4939
0.0
0.0
-0.7351
0.0
0.0
0.0
0.0
0.0
0.0
0.0
0.0
0.0
0.2732
0.0
0.0772
-0.296
-0.3818
0.0
0.4902
0.0
-0.296
0.0
0.0
-0.5106
0.0
0.0772
0.0
0.0
-0.4767
0.0
0.0
0.4449
0.0
0.0
0.4927
0.5678
0.1531
-0.296
0.0
0.0
-0.4019
0.0
0.0
0.0
-0.296
0.0
0.4588
-0.3252
0.0
0.0
-0.128
0.0
0.5267
0.0
0.0
0.0
0.0
0.3976
0.3182
0.0
0.0
0.0
-0.0387
0.5267
0.0
0.0
0.0
-0.6369
0.0
-0.34
0.0
0.0772
0.0
0.0772
0.0
0.0
0.0
0.4939
0.0
0.4588
0.0
0.3182
0.765
0.0
0.0
0.0
-0.5106
-0.1877
0.0552
0.0
0.0
0.4404
0.3724
0.0
-0.5423
-0.1027
-0.4939
-0.2878
0.0
-0.1531
0.0
0.0
0.0
-0.296
0.0
0.2023
0.5574
0.0
0.0
0.7906
0.0
0.0
0.4019
0.0
0.0
0.0
0.0
0.3182
0.0
0.0
0.3182
-0.296
0.0
0.0
0.0
0.0
-0.296
0.0
0.0
0.0
0.807
0.5719
0.0
0.0
0.0
0.0
-0.267
-0.2924
0.0
0.0
0.4215
0.4215
0.0
0.0
0.0772
0.0
0.0
0.0
0.0
-0.1139
0.0
-0.296
0.0
0.6515
0.3612
0.0
0.0
0.0
-0.0572
0.0516
0.0
0.8092
0.0
-0.296
-0.4767
-0.296
0.0
0.0
0.0
0.0
0.0
0.2057
0.0
0.0
0.0
0.25
0.5423
0.4451
0.0
0.0
0.0
0.5709
0.2228
0.0
-0.3612
-0.3612
-0.3818
-0.3612
-0.3818
0.0
0.0
-0.2617
0.0
0.0
0.0
0.25
0.0
0.6106
-0.6597
0.0
0.0
0.5256
0.6486
0.0
-0.5994
-0.5423
0.0
-0.4404
-0.1779
-0.296
-0.296
0.0
0.2716
0.0
0.0
0.0
0.0
0.0
0.0
-0.0258
0.0
0.0
0.2682
0.5647
0.0
0.0
0.0
0.128
0.0
0.0
0.4767
0.0
0.0
0.0
0.0
0.0
0.0
0.0
0.0
-0.5106
0.0
-0.0444
-0.6808
-0.6369
0.4404
-0.5789
0.0
0.5719
0.8126
0.9538
-0.3291
0.0
0.2732
-0.0772
-0.4019
-0.5152
0.4939
0.128
0.0
-0.34
0.5106
-0.296
0.6908
0.0
0.0
0.0
-0.4215
-0.4228
0.0
0.4019
0.2732
0.0
-0.0572
0.5352
0.0
-0.6808
0.5994
0.4019
0.7814
-0.743
0.0
0.2732
-0.34
0.0
-0.5256
-0.5423
0.0
0.0
-0.7906
0.765
0.0
0.0
0.0
0.5927
-0.1531
0.5994
0.0
0.5267
0.4939
-0.1779
0.3818
0.4615
0.2732
0.0
0.0
0.765
0.0
0.0
0.2716
0.0
0.1889
-0.3182
0.0624
-0.6705
-0.8074
0.6047
0.0
-0.4215
0.0
-0.3875
-0.296
0.0
0.0
0.0
0.4019
0.0
-0.4767
0.25
0.9001
0.5859
-0.4023
0.0
0.2732
0.3612
0.0
0.0
0.0
-0.296
0.8555
-0.128
0.5574
0.0
0.6249
-0.5994
0.6249
-0.5994
0.0
0.3818
-0.7845
0.0
-0.6808
0.2263
0.0
-0.128
-0.5994
0.6705
0.4019
-0.4939
0.1531
-0.3818
0.3818
0.0
-0.4019
0.0
0.3182
0.0772
-0.4779
0.5789
0.0
0.0516
0.8009
-0.296
-0.5423
0.4215
0.7003
0.0
0.0
-0.6486
0.4939
-0.6369
-0.3818
0.5574
0.0
0.0
0.0
0.0
0.0
0.0
0.0
0.0
0.0
0.0
0.0
0.0
0.0
-0.5267
0.0
0.0
0.0
-0.6705
0.0
0.6808
0.0
0.0
0.4215
0.6369
0.4215
0.4678
-0.0572
0.6908
0.2732
0.4144
0.0
0.0
0.0
0.5574
-0.4588
0.5719
0.2247
0.91
0.2732
-0.128
-0.2732
0.0
0.3027
0.0
0.0
0.6705
-0.5719
0.5106
-0.5859
-0.5719
-0.5423
-0.1531
0.0
-0.7184
0.2732
-0.3818
0.0
0.0
-0.296
0.0
0.0
0.0
0.0
0.0
0.0
0.0
0.0
-0.6369
0.3612
0.0
-0.6908
0.6486
-0.5267
0.2755
-0.4019
-0.3818
-0.3818
0.0
-0.3197
0.0
0.0
0.0
0.0
0.0
0.0
0.0
0.34
0.3612
0.0
0.0
0.0
0.0
0.5563
0.4404
0.128
0.0
0.8176
0.5994
0.0
0.25
0.0
-0.1027
-0.4767
0.0
-0.6858
0.0
0.0
0.6124
0.4767
0.0
0.25
-0.6249
0.4391
0.0
0.3744
0.0
0.0
0.4215
0.4019
0.296
0.0
0.0
0.0
-0.4019
-0.4767
-0.4019
0.0
-0.296
0.0
0.5859
0.4939
0.4767
0.4939
0.3612
0.0
0.0258
-0.4767
-0.2755
-0.1779
-0.561
0.34
0.0
0.0
0.0
-0.7906
-0.1027
0.0
0.0
0.0
0.2732
0.4404
0.5719
0.0
0.0
0.0
0.7351
0.0
0.0
0.0
0.6705
-0.2732
0.0
0.0
0.0
0.0
0.0
0.0
0.3612
0.0
0.0
-0.3818
0.0
0.0
-0.4767
0.0
0.0
0.0
-0.3818
0.6901
0.4576
0.0
0.8316
0.0
0.0772
0.2716
-0.4005
0.0
0.0
-0.2732
0.0
0.3182
-0.5574
0.3612
-0.6597
0.3182
-0.5574
0.0
-0.765
0.0
0.0
0.0
0.4215
0.4767
0.0
0.34
0.7717
0.0
0.0
0.1901
-0.5574
-0.6369
0.0
0.0
0.0
0.0
0.0
-0.7003
0.0
0.3871
-0.4201
0.3182
-0.2732
-0.0026
0.4404
0.0
-0.5719
-0.3612
0.2732
0.2263
0.0
0.0
0.4767
0.0
0.552
0.2732
0.5859
0.0
0.5574
0.0
0.6682
0.4404
-0.0762
0.091
0.296
0.5859
0.0
0.0
0.0
0.7269
0.7717
0.0
0.9081
0.0
-0.5423
0.0
0.0
0.0
0.6369
0.25
0.3612
-0.7579
0.0
0.0
0.0
0.0
0.0
0.0
0.0
-0.4404
0.0
0.25
0.3182
-0.5423
0.0
0.0
-0.5423
0.8579
0.0
0.0
0.0
0.7906
0.1027
0.1027
0.4404
0.0
0.0
0.0
0.0
0.0
0.0
0.0
0.2732
0.6249
0.6124
0.0
0.0
0.3612
0.2023
0.34
0.0516
0.1779
0.5994
0.541
0.807
0.5423
0.5563
0.0
0.8519
0.0772
0.0
0.0
0.2211
0.0
0.0
-0.5574
-0.2975
0.2716
0.6808
0.0
-0.0516
0.0
0.0
-0.6968
-0.1027
0.34
0.4215
0.0
0.0
0.296
0.3818
-0.5106
0.0
0.0
0.0
-0.4019
0.6115
-0.1779
0.4215
0.0
-0.4019
-0.4019
0.0
0.0
0.34
0.0
0.1027
0.0772
0.128
0.0
0.653
-0.5267
-0.0572
0.0772
0.3818
0.0
0.0772
0.0
0.8904
0.0
0.0
0.0
0.0
0.2699
0.0
0.0
0.7184
0.0
0.0
-0.7717
-0.3724
0.4939
0.8658
0.1796
0.0
0.1469
0.0
-0.6045
-0.0772
0.0
-0.3237
0.0
0.0
0.2211
0.0772
0.0
0.3182
0.0
0.0
-0.128
0.0
0.0
0.0
0.0
-0.4215
-0.3818
0.34
0.6249
0.0
0.0
0.0
-0.1826
-0.0951
0.8765
-0.2193
-0.2235
0.6249
0.296
-0.2023
0.1027
-0.4449
0.0
0.0
0.3182
-0.8655
0.0
0.0
0.3167
0.4019
0.6461
0.0
-0.2732
-0.128
0.2944
-0.4404
0.0
-0.5574
0.1027
-0.4767
0.4767
0.7717
0.0
0.2732
-0.5106
-0.8481
0.0
-0.8402
-0.7783
0.0
0.0
-0.6597
0.0
0.0
0.0
0.4588
0.7841
-0.5719
0.0
-0.7269
0.0
0.0
0.5106
0.0
0.0
0.0
0.0
0.0
0.0
0.0
0.0
-0.7202
0.2732
-0.6249
0.2732
0.0
0.0
0.0
0.0
0.0
0.6249
0.3818
0.8481
0.0
0.0
0.0
0.0
0.6124
0.7506
0.0
-0.2023
-0.1027
0.0
0.0
0.0
0.0
-0.3818
-0.2185
0.2211
0.5859
0.5994
-0.4717
0.0
-0.5719
0.0
0.0
0.2732
0.2716
0.4201
0.296
0.0
0.0772
0.0
-0.4019
-0.4215
0.4466
0.3182
-0.296
0.0
0.0
-0.2732
0.0
0.6249
-0.296
0.2732
0.0
0.0
0.0
0.0
0.0
0.0
0.0
0.0
0.25
0.25
0.0
0.0
0.0
0.0
0.0
0.4019
0.5859
0.0
0.3612
0.0
0.0
0.0
0.0
0.5267
0.0
0.2732
0.3182
0.6249
0.6249
0.7351
0.6249
0.6908
0.0
0.0
-0.2411
0.0
0.4101
0.872
0.3818
0.0
0.0
0.291
0.0
0.3182
0.0
0.0772
0.0
0.6124
0.5413
-0.6608
0.0
0.6124
0.0
-0.4973
-0.1531
-0.6486
-0.0258
0.0
0.2732
0.0
0.7769
0.0
0.4588
-0.128
0.0
-0.4939
-0.296
0.0
-0.296
0.3818
0.7579
0.5859
-0.2732
0.1406
0.0
0.3182
0.0
0.0
0.3818
0.2732
0.0
0.2716
0.0
0.0
0.0772
0.0
0.0
0.0
-0.1301
0.0
0.6956
0.0
0.6048
0.5574
-0.6249
-0.7269
0.1779
0.0
0.0
0.4939
0.0
0.3818
0.0
0.0
-0.8807
0.0
0.3612
0.0
0.0772
0.2023
-0.4019
0.802
0.0
0.0
-0.4019
0.4588
-0.296
0.0
-0.2023
0.5267
0.6369
0.2263
0.0
-0.4215
0.0
0.0
0.2732
0.0
0.0
0.0
0.296
0.34
0.0
-0.2263
0.0
0.0
0.8481
0.4404
0.5927
0.5859
0.2023
0.2023
-0.7269
0.0
0.0
0.2716
0.2621
0.0
-0.4767
-0.8236
-0.4767
0.9041
0.0
0.0
0.5095
0.0
-0.296
0.0
0.0
0.0
0.2732
-0.0276
0.5106
-0.315
0.0
0.0
0.0
0.0
0.0
0.4404
0.4404
0.0
-0.0516
0.0772
0.4215
0.0
0.5106
0.296
0.0
0.7713
0.2732
0.0
0.0
0.0
0.0
0.0
0.0
0.0
-0.6666
-0.2732
0.296
0.0
0.7096
0.4019
0.7717
-0.0258
0.0
-0.296
0.4019
0.0
-0.6369
-0.4767
-0.5106
-0.296
0.7267
0.296
0.2732
0.0
0.0
0.0
0.0
0.5994
-0.5859
0.3818
0.4404
0.4767
0.0
0.0
0.296
0.4404
0.1779
0.7717
0.7579
0.0
0.0
0.0
0.2617
-0.5059
0.0
0.0
-0.3182
0.0
0.0
0.0772
0.0
0.0
0.5563
0.2023
0.0
-0.3658
0.0
0.0
0.0
0.0
0.0
0.0
0.0
0.0
0.0
0.0
0.0
0.0
0.6369
0.0
0.0
-0.7902
0.0
0.0
0.7906
-0.6249
0.0
0.3182
0.4404
0.0
0.0
0.0
0.0
0.0
-0.2023
0.5267
0.0
0.4404
0.5777
0.0
0.0
0.0
0.0
0.0
0.5719
0.0
0.0
0.34
-0.4939
0.0
0.765
0.0
-0.886
0.25
0.0
0.0
-0.5994
-0.5994
-0.5994
-0.4939
0.3818
0.6249
-0.8678
-0.743
0.0
0.0
-0.7317
-0.5423
0.0
0.0772
0.0
0.0
0.5267
0.5719
0.4215
-0.4939
0.2732
0.0
0.0
-0.4019
0.0
0.0
0.0
0.0
-0.8699
0.296
0.1477
0.0
0.0
0.0
-0.3453
0.0
-0.4939
-0.5267
0.1531
0.0
0.7783
0.0
0.2732
-0.2263
-0.4164
-0.34
0.2023
-0.3818
0.0
0.0516
0.3612
-0.0366
-0.5423
0.0
0.7717
0.6908
0.0
0.9201
0.0
0.0
0.0
0.0
0.0
0.0
0.0
0.0
0.4019
0.3182
0.0
-0.5994
-0.2023
0.0
0.0
0.7096
0.0
0.0
0.0
-0.4939
0.0
0.4588
0.0
-0.7783
0.0
-0.3818
-0.2755
-0.5574
-0.529
0.0
0.0
0.25
0.0
-0.4939
0.2732
0.0
0.0
0.6361
0.3036
0.7783
0.9317
0.0
-0.5256
-0.0516
0.0
0.6124
0.0
0.0
-0.3447
0.0
0.0
0.0
-0.4019
0.0
0.1531
0.7906
0.0
0.1531
-0.5574
-0.743
0.0
-0.5994
0.0
0.0
0.0
0.0
0.1027
0.0
-0.2924
-0.2924
-0.7351
-0.5187
0.0
0.8074
0.296
0.4939
-0.765
0.7003
-0.6369
0.7096
-0.3818
0.3612
0.0
0.0
0.4404
0.0
0.128
0.4939
0.4939
0.0
0.8126
0.5574
0.6597
0.0
0.0721
0.5106
0.8175
-0.0772
0.0
0.0
-0.4588
0.2716
0.848
-0.1027
-0.5267
0.5719
0.0
0.0772
0.0
0.0
0.0
-0.25
-0.296
0.2732
0.5267
0.3182
0.9349
0.4404
0.7906
0.6249
-0.6369
0.0
0.4215
0.0
-0.296
0.8689
0.8267
-0.1027
0.4767
-0.1027
0.2732
0.0772
0.0772
0.8519
0.6705
0.0
0.0772
0.0
0.0
0.3182
0.296
-0.3818
0.0
0.0
0.0
0.0747
0.0
0.4215
-0.6808
0.3612
0.3182
0.0
0.3612
-0.796
-0.7579
0.0
0.0
0.0
0.2732
0.0
0.2732
0.0
0.5106
0.5994
0.0
0.2023
0.2681
-0.4585
0.0
0.0
0.4215
0.0
0.0
-0.0772
0.0
-0.6908
-0.5994
-0.25
0.5267
0.6369
0.0
0.0
-0.2023
0.0
0.0
-0.8126
-0.3919
-0.2411
-0.8225
0.2732
0.0
-0.296
-0.3237
0.3182
-0.296
0.0
0.0
0.0
0.0
0.4939
0.3612
-0.25
0.0772
0.0
0.0
0.1779
0.5719
-0.802
0.0
0.0
-0.5267
-0.7096
0.0
0.0
0.0
0.0
0.0
0.0
-0.5106
0.0
-0.5423
-0.5423
0.0
-0.0572
-0.2411
0.3182
0.0
0.0
0.0
0.0
0.7003
0.0
0.0
0.0
0.0
0.0
0.0
-0.4958
0.0
0.0
0.0
0.25
0.0
0.0
0.2707
0.0
0.0
0.3612
0.3612
-0.0516
0.0
0.0
0.0
-0.0772
0.0
0.0
-0.3612
0.4019
0.3182
0.0
-0.4215
0.0
0.0
0.5994
0.0
-0.8481
0.0
0.0
0.0
0.0
0.0
-0.9231
0.4404
-0.6124
0.6652
0.0
0.0
0.0
0.2732
0.0
-0.7269
-0.872
0.0
0.0
-0.7992
0.3182
0.0
-0.9435
0.6124
0.5574
0.8934
0.7096
0.0
0.5267
0.6124
-0.3818
0.4466
0.5267
-0.296
0.0
-0.3643
0.0
0.024
0.5659
-0.1953
0.0
-0.296
0.4404
0.4927
0.0
-0.296
0.0
-0.3612
0.0
0.0
0.0
0.7269
0.6249
-0.6705
0.34
-0.2924
0.6124
0.0
0.0
0.431
0.0
0.2732
0.0
0.2732
-0.4215
0.1655
0.431
0.743
0.0
0.0
0.0
-0.3089
0.0
-0.2263
0.3612
-0.4019
0.0
0.4767
0.0
0.1027
0.0
0.0
0.3612
0.0
0.0
0.0
0.0
0.3612
0.4449
0.0
0.0
-0.2558
0.0
0.0
-0.7003
0.5267
-0.3612
0.0
0.2577
0.0
0.0
0.0
-0.3182
-0.3182
-0.296
0.0
0.2732
-0.666
0.0
0.0
0.0
0.0
0.4404
0.34
0.0772
0.2732
0.0
0.2716
0.2732
-0.5859
-0.2755
0.0
0.1477
0.0
0.0
0.0
0.2732
0.0
0.4588
0.5574
0.3612
0.0
0.0
0.0
0.4549
0.0772
0.4939
0.8466
0.0074
-0.3089
0.0
0.0
0.4466
0.0
0.0
-0.2732
0.6369
-0.0516
0.0
0.0
0.0
0.0
0.8555
0.6249
0.0
0.0
0.0
0.6369
0.0
-0.4019
0.0
0.0
-0.4215
-0.6249
0.0
0.0
0.0
0.1386
0.0
-0.7506
0.0
0.0
-0.128
0.6369
0.4404
0.4404
0.0
0.0
0.0
-0.7717
0.6249
0.0
0.0
0.0
0.0
0.0
0.0
0.0
0.2732
-0.0516
0.0
0.4173
-0.128
0.0
-0.5106
0.2732
0.0
0.2732
0.0
0.0
0.3612
0.0
-0.3182
0.0
0.0
0.9217
0.0
0.4588
-0.2924
-0.5773
0.0
0.6908
0.0
0.4339
0.9153
0.0
0.0
0.0
0.0
0.4215
0.2732
0.0
0.0
0.0
0.0
0.6369
0.5965
0.0
0.0
0.0
0.0
0.0
0.0
0.2023
0.0
0.0
0.0
0.5267
0.0
0.4404
0.1695
0.4019
0.0
0.743
-0.9485
0.281
0.0
0.7738
0.6124
0.5334
-0.5719
0.0
0.357
0.6096
-0.296
-0.7003
0.8555
0.0
-0.881
0.4404
0.0
0.765
0.9201
0.0
0.3327
0.8591
0.0
0.0
0.8689
0.1531
0.0
0.9081
0.7351
0.0
0.0
0.4767
0.0
-0.1027
-0.4767
-0.4404
0.3182
0.1027
0.0
0.0
0.0
0.0
0.0772
0.0
-0.8689
0.0
0.2732
-0.2755
0.0
0.4404
0.4215
0.4939
-0.4927
-0.5267
0.8271
0.0
0.0
0.4019
0.0
0.4576
0.3612
0.0
0.0
0.0
-0.3447
-0.2263
0.1695
0.1779
0.4767
0.6808
0.4588
0.8074
0.0
-0.5106
0.0
-0.296
-0.3744
0.0
-0.5423
-0.5106
0.8834
0.9337
0.0
0.2263
0.0
0.2732
-0.1154
-0.2076
0.5267
0.0
0.4404
-0.2023
0.2263
0.4678
0.0
0.5719
0.25
0.296
0.0
0.7783
0.7717
0.2732
0.0
-0.101
0.9349
0.4939
0.2732
-0.1027
0.0
0.7785
0.836
0.0
0.0516
0.0
0.0
0.0
0.0
0.4767
-0.1531
0.6369
0.3818
0.0
-0.3599
0.6249
0.5719
0.0
0.0
0.4215
0.1779
0.3612
0.0
0.0
0.4588
0.0
0.0
0.0
0.6124
0.0
0.8834
0.0
-0.807
0.91
0.0
0.8422
-0.0516
0.0
0.0
0.0
-0.2732
0.0
-0.1689
0.0
0.7906
-0.4215
-0.2732
0.34
-0.9016
-0.296
0.4767
0.0
0.0
0.6759
0.0
0.0516
0.0
0.0
0.0
0.6705
0.3612
0.8287
0.6369
0.4215
0.6369
0.8113
0.6908
0.4019
-0.2057
-0.3628
-0.2263
0.0
-0.4215
-0.6169
0.3327
-0.0026
0.0
-0.1513
0.3612
0.7964
0.0
0.0
0.0
0.4019
0.6908
0.0
-0.4215
0.1531
0.5267
0.5267
0.4019
0.0772
0.0772
-0.4215
-0.4215
-0.2023
0.0
0.0
0.5927
0.1779
-0.3612
0.0
0.0
0.0
-0.3612
0.0
0.0
0.0
0.0
-0.0258
0.0
-0.6115
0.0
0.0
0.0
-0.589
0.7783
0.0
0.0
0.4767
0.0
0.2732
0.1531
0.1027
-0.1027
0.6249
0.0
0.3612
0.0
0.0
0.5994
0.1531
0.8151
-0.1027
-0.1586
0.0
-0.4019
0.0772
0.0
0.0
0.0
0.3612
0.8519
0.0
0.2732
0.0
0.0
0.0
-0.128
0.0
0.0
0.2263
0.3818
0.4404
-0.3252
0.0157
0.0772
0.34
0.0
0.0
0.0
0.1779
-0.3612
0.0
0.0
-0.5096
0.0
0.4019
0.4019
0.0
0.4404
0.3818
0.0
0.0
-0.3182
0.0
0.0
-0.2732
-0.1027
0.0
0.3818
0.0
0.3612
0.3875
-0.2411
0.2732
0.0
-0.8957
0.6249
0.0
0.0
0.0
0.0
0.1779
0.0
0.0
0.5106
0.3612
0.694
0.0
0.4215
0.2732
0.2732
0.0772
0.0
0.0
0.0
0.5598
0.4215
0.3724
0.0
0.0
-0.5574
-0.5574
0.0
0.0
0.0
0.0
0.1406
0.1779
-0.6486
0.0
0.3962
0.0
0.4767
0.0
0.0
0.6249
0.0
0.4939
0.0
0.3818
0.296
-0.4588
-0.4767
0.0
0.0
0.6808
0.0
0.0772
0.0
-0.1027
-0.296
0.2023
0.0
0.5423
0.3818
-0.1027
0.3182
0.3818
0.128
0.0
0.0
0.0
-0.25
0.9169
-0.4019
0.0
0.0
0.0
-0.1027
0.0
0.0
-0.296
0.0
0.8885
0.0
0.0
0.4576
0.0
0.0
0.4019
0.0
0.0
0.0
0.0
0.3612
0.0
-0.1027
-0.4215
0.0
-0.7845
0.1531
-0.296
-0.6136
0.0
0.0
-0.4767
0.765
-0.1027
0.0
-0.296
-0.296
-0.296
0.25
-0.0516
0.0
0.0
0.0
0.6801
0.0
0.0
0.3612
0.3612
-0.34
-0.128
0.0
0.5859
-0.6249
-0.7096
0.0
-0.4614
-0.2023
0.34
0.2732
0.0
0.0
-0.4588
0.765
0.0
-0.296
0.0
0.0
0.0
0.0
-0.5267
0.0
0.0772
0.1335
0.8126
-0.3612
0.0
0.0
0.0
-0.296
-0.5106
0.7906
0.0
0.0
0.0
0.4939
0.0
-0.296
0.0
-0.4019
0.4767
-0.024
0.6486
0.0772
0.0
-0.5267
0.2732
-0.34
-0.4767
0.0
0.6249
0.7845
0.0
-0.1779
0.0
0.0
-0.6486
-0.296
0.0
0.0
0.0
0.0
-0.0258
0.0
0.0
-0.4023
0.0
0.0
0.0
-0.5106
0.0
0.0
0.4939
0.0
0.0
0.5413
0.0
0.3818
0.0
0.3818
0.0
0.0
0.0
0.0
0.0
0.0
0.0
0.0772
0.5719
0.0
0.0
0.0
0.0
0.0
-0.0572
-0.0572
0.0772
0.0
-0.3089
0.0
-0.296
0.0
0.34
0.0
-0.3612
0.0
0.0
-0.4019
0.0
0.0
-0.3612
0.2732
0.0
0.0
0.0
-0.0258
0.0
-0.296
0.0
0.2023
0.0
0.0
0.0
0.25
0.5106
-0.7003
0.6908
0.5106
-0.3995
-0.3612
0.4588
0.0
0.4939
0.0
0.34
0.0
-0.4939
0.2748
0.0
-0.7717
0.0
-0.296
0.624
-0.128
0.3612
0.0
0.0
0.0
0.0
0.0
0.1027
-0.34
0.34
-0.296
0.0
-0.296
0.1901
-0.5106
0.2584
-0.2023
-0.4019
0.5574
0.0
0.0
0.4939
0.0
0.0
0.25
0.0516
0.4724
0.0
0.0
0.0
0.0
0.8316
0.0
0.0
-0.4939
0.0
0.0
0.0
-0.484
0.1531
0.0
0.0
0.0
0.0
0.5267
-0.4767
-0.6369
0.6808
0.4404
0.0
0.25
0.7391
0.34
0.0
0.34
0.0
-0.7096
0.0772
0.0
-0.1541
0.0
0.743
0.624
-0.5423
0.0
0.2057
0.0772
0.0
0.25
0.0
0.0
0.0
0.0
0.0
0.6249
0.6249
0.0
0.0258
0.5106
0.0
0.2263
0.4588
0.4019
0.3612
0.4215
0.0
-0.34
0.2732
0.4767
0.0
-0.4019
0.0
0.0
0.8402
0.5267
0.3612
-0.845
0.5267
0.2732
0.0
0.0
0.3182
0.0
0.8481
0.0
0.7783
0.0
0.2732
-0.2732
0.0
0.6369
0.0
0.0
0.0
-0.128
0.0
-0.0516
0.0
0.0
-0.2732
-0.2732
0.0
0.0
0.3182
0.4019
0.0
0.0772
0.5719
0.0
0.8038
0.0
0.0
0.2732
0.0
-0.5574
0.0
-0.1779
0.0516
-0.1531
0.0
0.0
0.0
0.765
0.0
0.0
0.0
0.0
-0.4215
-0.4215
0.0
0.0516
0.0
0.0
0.1027
-0.3331
0.3182
0.3182
0.0
0.0
0.5423
-0.3875
0.0
0.0
0.0
0.0
0.2732
0.6597
-0.2263
0.7269
-0.3464
0.0
0.0258
-0.1027
0.4019
0.0
0.296
0.3818
-0.3612
0.0
-0.2306
0.0
0.3612
0.3612
0.5859
0.3818
0.6908
-0.8979
0.0772
0.0
0.7269
0.0
0.0
0.0
-0.128
0.1513
0.8387
0.0
0.624
0.0
0.0
-0.1779
-0.1531
0.0
0.0
0.0
0.0
0.5574
-0.3182
-0.5106
0.0
0.8934
0.0
-0.3612
0.0
0.0
-0.5423
-0.3182
0.0
-0.7003
0.0772
-0.5106
0.4019
0.4404
0.2732
0.3182
0.0
-0.7601
0.0
-0.34
-0.5574
0.6549
0.4391
0.0
0.6124
0.0
-0.25
-0.25
0.0
0.0
0.0
0.0
0.4019
0.4404
0.0
-0.296
0.0
0.0
0.0
0.0
0.2732
-0.4588
-0.1232
0.0
-0.2023
0.7579
0.0
0.0772
0.6369
0.0
0.5267
-0.1073
0.2411
0.0
0.0498
0.0
0.0
0.0
0.0
0.7184
0.2411
0.0
0.0
0.0
0.0
0.0
0.0
0.0
0.6369
-0.3252
0.0
-0.6249
-0.5719
0.0
0.3804
0.5759
0.0
-0.1531
0.3291
0.0
0.0
0.2609
0.0
0.0
0.0
0.0
0.296
0.0
0.0
0.0
0.0
0.0
-0.4981
-0.3182
0.6369
-0.5574
-0.0772
0.0
0.7269
0.4927
0.0
0.0
0.3182
0.5267
0.0
0.7783
0.0
0.6249
0.4588
0.0
0.0
0.0
0.0
-0.6124
0.0
0.6597
0.5574
0.6124
-0.2263
0.3976
-0.0516
-0.0772
-0.4019
0.0772
-0.6486
0.34
0.743
0.4588
-0.25
0.6249
0.7964
0.1672
0.0
-0.5719
0.0
-0.5267
-0.4767
-0.8546
0.5574
0.4404
0.0
-0.4019
0.0772
-0.6597
0.0
0.0
0.0
0.0
0.0
0.0
0.0
-0.1154
0.3182
0.34
0.0
0.0
0.0
-0.0258
-0.6597
-0.4019
0.7717
0.3612
0.3612
0.4019
0.0
0.6369
0.0762
-0.25
0.0
0.0
0.6077
0.0
-0.7506
0.0
-0.6486
0.0516
0.4019
0.0772
0.0
0.0
-0.296
0.0
0.0
0.5106
0.1531
0.3597
0.0
0.7906
-0.25
0.3612
0.0
0.0
-0.3818
0.0
0.0
0.6573
0.0
0.0
0.1531
0.0
0.0
0.3612
0.0
0.0
0.0
0.0
0.3612
0.25
0.4019
-0.3612
0.2732
-0.0516
-0.4939
-0.0258
0.0
0.0
-0.25
0.0
0.0
0.0
-0.3818
0.0
0.52
-0.6249
0.3612
0.0
0.0772
0.128
-0.0772
-0.0772
0.6249
0.0
0.0
0.1779
-0.2732
0.0772
0.0
0.0
0.3612
0.4767
0.0
0.0772
0.0772
0.5341
0.7184
0.2023
0.1027
0.0
0.0
0.0
0.1531
0.0
0.3612
0.2732
0.0
0.128
0.128
0.1027
0.0
0.128
0.1397
0.4019
0.0
0.0
0.7425
0.0
0.0
0.3612
-0.765
0.0
-0.4215
0.0
-0.2023
0.0
-0.6705
0.0
-0.4939
-0.6597
-0.6808
0.0
0.0
0.0
0.6369
0.4404
0.0
0.4466
0.0
0.0
-0.296
0.0
-0.09
0.4588
0.0
0.0
-0.3612
0.0
0.0772
0.0
-0.0516
0.1511
0.0
0.7351
0.2732
0.717
0.2263
0.0
0.1531
0.0
0.6908
-0.5423
0.6705
0.0
-0.296
0.872
-0.1531
0.0772
-0.5
-0.1027
0.0258
0.91
0.0516
0.0
0.6249
0.0
-0.5423
0.0
0.0
-0.4019
0.5719
0.0
-0.296
-0.296
0.0
0.4019
0.4019
0.0
0.7717
0.0
-0.1027
-0.3818
0.0
0.7022
0.5267
-0.4215
0.0
0.2732
0.5106
0.0
0.6557
0.0
0.0
0.4404
0.25
0.0
0.0
-0.8402
0.0
0.0
0.0
-0.3612
0.0
-0.4588
0.0
-0.296
0.0
0.0
0.8555
0.0
0.6597
0.0
0.5719
-0.0258
0.4939
0.0
-0.296
0.1531
0.0
0.0
0.0
-0.1779
0.0
0.0
0.4939
0.6956
0.0
0.2732
0.7096
0.0
-0.7184
0.4404
0.4404
0.4404
0.4215
0.34
0.4019
-0.3865
-0.4019
0.0
0.0
-0.4019
-0.7579
0.4721
0.0
-0.5994
0.0
0.0
0.0
0.0
0.34
0.0
0.0857
0.2732
0.0
-0.5994
-0.8963
0.0
0.0
0.0
0.4215
0.0772
0.0
-0.6597
0.4404
0.0
0.0
0.34
0.2344
0.6218
0.4019
0.699
0.0
0.0
-0.2732
0.8316
0.8591
0.3182
0.0
0.0
0.0
0.765
0.0
0.4767
0.6249
0.6908
0.0
0.3818
0.4939
0.0
0.7269
0.4939
0.7003
0.0
0.0
0.0
-0.1083
-0.296
0.34
0.3818
0.0
-0.296
0.0516
-0.296
0.128
0.0
0.0
0.2732
0.4927
0.0
0.0
0.0
0.0
0.0
0.0
0.8225
0.0
0.0
-0.481
0.128
0.0
0.4939
0.8271
0.5719
0.0
-0.296
-0.296
0.4404
-0.2755
0.0
0.0
0.6597
0.5106
0.4939
0.7832
0.0
-0.2732
0.2023
0.9081
0.0
0.2023
0.0
0.4215
0.34
-0.5423
0.0
0.6124
0.0
0.0
0.3612
0.0
0.0
0.0
0.0
0.0
0.765
0.0
0.34
0.0
0.3612
0.0
0.0
0.0
0.0
0.4404
-0.2732
0.0
0.5267
0.0772
0.3182
0.0
-0.4588
0.0
-0.4767
-0.6115
0.0772
0.0772
0.0
0.0
0.0
-0.0772
-0.0772
-0.0772
0.0
-0.0772
0.2263
0.0
0.3612
0.0772
-0.7783
0.0
0.3612
0.5499
0.128
0.128
0.128
0.4019
0.0
0.7783
0.0
0.4404
0.4404
0.0
0.0
0.0
0.0
-0.2732
-0.602
0.0
0.0
0.9253
0.5013
0.4215
0.0
0.0
0.7783
0.0
-0.4717
0.8225
-0.4019
-0.4019
-0.8316
-0.4717
0.0
0.0
0.0
-0.3612
0.0
0.0
0.4939
0.0
0.0
0.0
-0.3182
-0.6808
-0.5423
0.0
0.0
0.6249
0.3612
0.0
0.0
0.0
0.0
0.0
0.0
-0.3612
0.0
0.25
0.7096
0.4019
0.0
0.0
0.1955
0.0
0.0
-0.4767
0.5719
0.0
0.0
0.2924
-0.5106
0.0
0.0
0.6249
0.0
-0.2382
0.0
0.3352
0.7096
0.25
0.6597
0.34
0.0
0.0
0.0
0.4939
-0.6597
0.0
0.3818
0.0
0.6249
0.8537
0.5413
0.5994
0.0
0.0
-0.4215
0.5859
-0.4717
0.0
0.3612
0.0
0.4391
0.0
-0.3919
-0.1761
0.0
0.0
0.0
0.0
0.6597
0.0
0.3804
0.0
0.0772
-0.4576
0.0
0.0
-0.296
0.0
-0.1027
0.6908
0.4215
0.0
0.5719
0.0
0.0
0.8225
0.0
0.2732
-0.4449
0.0
0.0
0.0
0.9097
0.7814
0.5574
0.4898
-0.763
0.5994
-0.6249
0.0
0.0
0.6369
0.914
0.0
0.0
0.0
0.0
0.7618
0.3182
0.0
0.0
-0.5574
-0.3818
0.0
0.0
-0.4767
0.1027
0.4019
-0.5859
-0.379
0.4767
0.3182
0.3182
-0.1779
0.0
0.0
-0.2732
0.8516
0.3327
0.0
-0.1685
0.0
0.3182
0.6369
0.0
-0.5812
0.0
0.0
0.0
-0.4878
0.0
0.0516
0.4215
-0.296
0.0
0.4404
0.2732
0.0
0.4215
0.7351
0.6249
0.4201
0.3818
0.4404
0.0
-0.6249
0.0
0.3818
0.0
0.6369
0.3612
0.0
0.3818
0.0
0.0
0.0772
0.5719
0.0
0.0
0.0
0.0
0.4019
0.0
-0.2263
0.4173
0.4019
0.3818
0.3182
-0.0258
0.3818
0.0
-0.4939
0.0
0.5106
0.4215
0.0
0.0
0.0
0.4019
-0.3612
0.4588
0.25
0.0
0.0
0.0
0.0
-0.5106
0.0
0.0
0.0
0.8555
0.0
0.2732
0.0
0.0
0.0
-0.3167
0.0
0.0
-0.4019
-0.4767
0.7542
0.0
0.1531
0.25
0.0
0.0
-0.2023
0.0
0.0
0.0
0.4019
0.0
0.0
-0.296
0.0
0.4019
0.4019
0.0
0.0
0.0
-0.6249
-0.6249
0.0
0.0
0.0
-0.34
-0.7371
0.6124
-0.1779
0.4588
0.4588
0.0
-0.886
0.4172
-0.4939
0.0772
0.0
0.5574
0.4019
0.0
0.0
0.0258
-0.5994
-0.4588
0.0
0.3612
-0.8176
0.0
0.0
0.0
0.0
0.0
0.0
0.0
0.5106
0.0
0.6115
0.2023
0.0
0.0
0.0
0.6249
-0.7003
-0.4019
-0.4019
0.1779
0.5423
0.0
0.4767
0.0
0.0
0.0
0.0
0.5859
0.0
0.0
0.0
0.0
0.0
0.0
0.0
0.0
0.0
0.0
0.5499
-0.296
0.0
0.0
0.0
0.2732
0.4404
0.0
0.3612
0.0
0.0
0.0
-0.5267
0.0
0.3818
0.0
0.0
0.0
-0.34
0.2755
-0.296
0.0
0.2023
0.0
0.0
0.8689
0.3612
0.0
0.3612
-0.5574
0.0
0.0
-0.2755
0.0
0.0
0.0
0.0
-0.3412
-0.357
0.0
-0.296
-0.296
0.0
-0.4767
0.0
-0.6486
0.0
0.0
-0.4404
0.1406
0.0
0.0
0.3182
0.0
-0.6124
0.0
0.4019
0.0
0.0
0.3612
0.4754
0.4576
0.0
0.5106
-0.5574
-0.3089
0.0
0.0
0.4215
-0.4019
0.5859
0.5859
0.0
0.3425
0.0
0.0
0.0
0.0
-0.4536
0.0
0.0
0.0
-0.5678
0.0
0.0
0.7003
0.0
-0.4973
0.0
0.0
0.0258
-0.128
0.0
-0.3182
0.0772
0.0
0.6181
0.0
-0.1027
0.5667
-0.1601
0.34
0.4404
0.0
0.2732
0.0
0.0
0.3182
0.0
0.0772
0.6597
0.0
0.0
0.0
0.0
0.0
0.0
0.0
0.0
0.0
-0.3612
-0.4588
0.0
0.1027
0.0
0.25
0.4215
0.0
0.0
0.0
-0.0844
0.0
0.0
-0.3818
0.0
0.2732
0.0
-0.7876
0.0
0.0
0.0
0.0
0.0
0.34
-0.2732
0.0
0.0
0.5106
0.5106
0.0
0.0
0.2023
0.7935
0.4215
-0.4019
0.0
0.0
0.0
0.1027
0.0
0.1531
0.0
0.4019
-0.0772
0.0
0.0
0.4173
0.0085
-0.765
0.0859
-0.2235
0.0
-0.1749
0.0164
-0.4023
0.3818
0.7184
0.2732
-0.1027
-0.1027
-0.1027
0.3818
0.0
0.0
0.0
-0.4215
0.0258
0.5379
0.4019
0.8067
0.0
0.0
0.0
0.0258
-0.5106
-0.1616
0.4019
0.25
0.0
0.8442
0.7184
0.0772
-0.2228
0.0
0.0
0.0
-0.2732
-0.2732
0.1779
0.0
0.1531
0.0
0.0
-0.7184
0.0
-0.2732
0.7579
0.0
0.0
-0.296
0.6369
0.3612
0.0
0.1779
-0.2411
0.0
0.4404
0.0
0.0
-0.3818
-0.6808
0.3182
-0.5267
0.0
-0.2315
0.3182
0.0
0.5106
-0.5994
0.0
0.3818
-0.8119
0.0
0.6808
0.4754
0.0762
0.4118
0.0
0.81
0.0
0.4391
0.2023
-0.296
0.2732
0.0
0.0772
0.2023
-0.6908
-0.1779
0.0
0.1531
0.0
0.3818
-0.6486
-0.5859
-0.128
0.6249
0.6436
-0.3506
0.0
0.7964
0.0
0.91
-0.2732
0.3612
0.4404
-0.5423
0.0
0.4915
0.0
0.4915
0.0
-0.9156
0.765
-0.3612
0.4215
0.4939
0.0
0.0
0.4939
0.8748
0.7574
0.3612
0.0
0.6124
0.0
0.0
-0.2584
0.4011
0.0
0.0
0.3818
0.0
0.3612
0.0
0.0
-0.3612
-0.2263
0.0
0.0
0.0
0.0
0.0
-0.1027
-0.0516
0.0
0.0
0.0
0.0
0.4939
0.2716
0.0
0.0
0.0
0.0772
0.0
0.4215
0.0
0.8807
0.2244
0.0
0.0
0.0
0.0
0.0
0.4207
0.0
-0.3412
0.0
-0.296
0.0
0.6249
0.0
-0.296
0.6808
-0.0404
0.2716
0.0
0.4404
0.09
-0.4404
0.0
0.0
0.0
0.0
0.0
0.0
0.0
0.0
0.0
-0.1027
0.3182
0.0
0.3612
0.0
0.0
0.0
0.0
-0.0772
0.0
-0.1027
-0.2732
0.2023
0.0
0.0
0.0
0.0
0.0
0.0
0.0
-0.2732
-0.2732
0.0
-0.296
-0.0772
-0.1027
0.0
0.0
0.4939
0.3182
0.8271
0.4215
0.25
0.0
-0.3241
0.1027
0.0
0.0
0.0
-0.3291
0.0
0.0
0.0
-0.5423
-0.5423
0.438
0.3134
0.0
0.3612
0.0
-0.3612
0.0
-0.6249
0.4019
0.34
0.4404
-0.4019
0.128
-0.3818
0.0
-0.4767
0.6369
0.5106
0.6597
0.4019
-0.25
0.8062
-0.5574
-0.0516
0.4445
0.0
0.4754
0.5789
-0.729
-0.5553
-0.34
0.0772
0.0772
0.0
-0.5588
0.0
-0.3597
0.5106
0.4939
0.0
-0.34
0.3832
0.0
0.0
-0.4019
0.0
0.0
0.0
0.0
0.4588
0.0
0.8555
0.0
0.0
0.4767
0.0
0.2732
-0.1018
0.0
0.0
-0.6486
-0.2263
0.0
-0.6597
0.4215
0.0
0.2732
0.0
0.0
0.34
-0.8885
0.0
-0.6808
-0.4215
-0.7717
-0.296
0.875
0.3612
0.0
0.0
-0.4588
-0.296
0.4728
0.3331
0.0
0.2732
-0.6808
-0.6249
-0.8074
-0.4404
-0.4019
-0.4019
0.0
0.742
0.0
-0.6808
0.0
0.0
0.0
0.0
0.0
0.0
-0.5216
0.0
0.0
0.0
0.0
0.3818
0.0
0.4019
0.0
-0.7351
0.0
0.0
-0.4767
-0.5256
0.7783
0.3182
0.0
0.4404
0.7003
0.0
0.0
-0.296
0.2732
0.0
0.0
0.34
-0.8151
0.0
0.0
0.0516
-0.3374
0.3612
-0.296
-0.4767
0.0
0.0
0.6841
0.0
0.0
0.0
0.0
0.0
0.0
0.0
0.0
-0.3182
0.0
0.4927
0.4019
0.2732
0.1406
0.0
-0.2263
0.128
0.1796
0.0
0.8282
0.0
-0.5472
0.0
0.0
-0.3818
0.4019
0.0
0.6486
0.0
0.0
0.0
0.8705
0.4404
-0.3715
-0.3818
0.0
0.4848
-0.1779
0.0258
-0.0572
-0.5994
0.0
-0.1531
0.2846
0.0
0.0
0.0
0.0
0.0
0.0
-0.296
0.0
-0.4767
0.0
0.6369
0.0
0.2023
0.2716
0.0772
-0.5574
-0.4585
0.443
-0.2732
0.0
0.0
0.3875
0.0
0.0
0.4767
-0.7178
0.3182
0.0
0.0
0.0
0.0
0.3875
0.0
0.0
0.0
-0.5423
-0.6249
0.4939
-0.0258
-0.5996
0.743
0.4228
-0.4023
0.0
-0.5584
0.5574
0.0
-0.6908
0.3612
0.0
0.0
0.0
0.0
0.0
0.6906
-0.25
-0.5719
-0.2263
0.8271
0.0
-0.9476
0.0772
0.128
-0.4336
0.3182
0.4019
0.0
0.0
0.0
0.0
-0.2732
0.4767
0.0772
0.0
0.0
0.4019
-0.1513
0.3818
0.25
0.1489
0.0
-0.6249
0.5574
0.4215
0.4404
0.0
0.0
0.0
0.1531
0.5106
0.0
0.6705
0.0
-0.6249
-0.5423
-0.1027
-0.0772
0.1531
-0.5423
0.0
0.0
0.0
0.0
0.1779
0.0
-0.8225
0.0
0.0
0.4019
0.0
0.2732
-0.4404
-0.743
0.0
0.2732
0.8442
0.0
0.0
0.0
0.5719
-0.0772
-0.296
0.6124
0.1779
-0.4767
0.1114
0.8648
-0.4019
0.296
0.0
0.0
0.1027
0.0
-0.4215
0.0
0.0
0.0
-0.3818
0.0
0.0
-0.7003
-0.4576
-0.1499
-0.4019
0.6249
0.0
-0.1695
-0.0572
-0.3089
-0.4019
0.0
0.0
0.0
0.0
0.0
0.0
0.3612
0.5994
-0.3182
-0.5423
0.4215
0.0
-0.0859
-0.5106
0.0
0.0
-0.1027
0.0
-0.4019
0.8934
0.943
0.0
0.0
0.4576
0.0
-0.4019
0.0
0.0
0.0
0.0
0.0
0.743
0.875
0.0
0.0
0.4939
0.0
0.5994
0.5994
0.0
0.0
0.0
-0.6486
-0.1531
0.5994
0.4019
0.4019
0.3818
-0.4939
0.2382
0.0
0.3818
-0.1154
0.0
0.1139
0.4588
0.0
0.5719
0.3818
0.2732
0.0
0.0
0.0
0.3182
0.0
-0.6249
0.4019
-0.8481
0.0
0.4215
0.0
0.0
0.0
0.0
-0.1419
0.0
0.0
-0.5849
-0.444
0.0
0.0
0.0
-0.296
-0.296
0.0
0.0
0.0
-0.5119
0.0
-0.7003
0.0
0.0
0.0
0.0
-0.5106
0.2732
-0.5106
0.0
0.0
-0.296
0.0
0.0
-0.5267
0.0
0.0
0.0
-0.6249
0.3089
0.0
-0.4215
0.8591
-0.3612
-0.1779
0.0
-0.1779
0.2732
0.25
0.5574
0.0
0.0
-0.1531
0.0
0.0
0.0
0.7351
0.0
0.0
0.0
0.0
0.6808
0.25
0.4019
0.0
-0.0516
0.0
-0.5719
0.4703
-0.4404
0.0
0.0
0.0
0.0
0.6597
0.0
-0.7469
-0.4767
-0.4404
-0.6808
-0.296
0.4939
0.0
0.0
-0.4767
0.0
0.0
-0.296
0.2732
0.0
0.0
-0.0516
0.4404
0.4215
0.0
0.0
0.3612
0.3612
0.0
0.0
0.0
0.0
0.0
-0.5949
0.0772
0.5819
-0.6597
0.4215
0.0
0.6249
0.0
0.2732
0.0
0.4019
0.0
0.0
0.296
0.0
0.0
0.7311
0.0
-0.6124
0.82
0.5859
0.0
-0.34
0.0
-0.5267
0.0772
0.0
0.6908
0.0
0.0
0.0
0.0
0.0
0.8834
0.5267
0.0
0.1027
0.4019
0.1779
0.6249
0.0
0.0
0.0
0.0
0.7184
0.0
0.0
0.0
0.0
0.0
0.0
0.6705
0.4215
-0.296
0.0
0.0
0.0
0.4019
0.8126
0.5859
0.0
0.0
0.0
-0.3252
-0.2273
0.7906
-0.6808
-0.4215
-0.765
0.0
0.0
0.0
0.0
0.0
0.5574
0.0
0.0
-0.6705
-0.3612
0.5106
0.0
0.296
0.4019
0.3612
0.0
0.0
-0.5719
0.3182
0.0
0.5106
-0.6249
0.0
0.765
0.836
0.0
0.296
0.0
0.0
0.0
0.4404
-0.3612
-0.1531
0.34
-0.1601
0.34
0.0
0.296
0.0
0.0
-0.9169
0.8922
0.0
0.3612
0.7269
0.5256
0.2449
0.0
0.0
0.5095
0.4215
0.0
0.3089
-0.0772
-0.3818
0.5859
0.7089
0.4404
0.6908
0.3612
-0.4019
0.0
0.0
0.3612
0.3612
0.0
0.0
-0.4767
-0.716
-0.7096
-0.4585
-0.5719
-0.872
-0.8074
0.0
0.3089
0.0
-0.4019
0.3612
0.6908
0.0
-0.5588
-0.3343
0.4939
0.1027
0.0
-0.3818
0.0
0.6369
0.3612
0.0
0.3612
-0.6124
-0.5719
0.0
-0.5267
0.296
0.1779
0.4215
0.0
0.7783
-0.4019
0.0
-0.2023
-0.5106
0.0
-0.4215
0.3818
-0.1531
-0.3818
0.0
-0.802
0.0
0.0
-0.128
-0.3182
0.0
-0.2023
0.0
0.296
0.0
0.2732
0.0
0.0
0.5423
0.4588
-0.6369
0.34
0.0
0.9217
0.7269
0.8225
0.3612
0.3612
0.624
0.1779
0.0
0.8553
0.4201
-0.6249
-0.0258
-0.296
0.3327
0.0
0.0
0.7717
0.0
0.3612
-0.5994
-0.091
0.0
-0.6908
0.0
0.7717
0.4404
-0.8689
-0.5849
-0.7963
0.3182
0.5859
0.4404
0.0
0.3612
0.296
0.3612
-0.5994
-0.3818
0.0
-0.5994
0.4215
-0.5574
-0.4588
0.0
0.3612
0.0
0.6486
-0.8357
-0.6908
0.0
0.4927
0.0
0.4215
0.4767
0.0
-0.6808
0.3612
0.4767
0.0
0.3612
0.0
0.3089
0.34
0.0
0.34
0.0
0.0
0.0
0.6249
0.1027
0.0
0.3612
0.0
0.0
0.0
0.0
0.0
0.0
-0.34
0.0
0.128
0.0
0.0
0.0
-0.7964
0.6808
0.0
0.0572
-0.34
-0.5423
-0.5719
0.4404
0.0
0.0
-0.5106
-0.6249
0.4588
0.2247
0.6597
-0.0572
-0.8074
0.6597
0.0
0.0
0.0
-0.4019
-0.5423
0.0
0.0
0.5106
0.34
0.6511
0.0572
-0.0772
0.0
0.0
-0.0788
-0.7003
0.2716
-0.4939
0.0038
0.3182
-0.5719
-0.6908
0.1779
0.0
0.0
0.0
-0.4404
0.0
-0.2732
-0.3788
0.0
0.34
0.4019
-0.4767
0.0
0.0
0.2732
-0.4404
-0.0516
-0.4767
0.0
-0.7665
0.2732
0.0
0.0
-0.722
-0.1877
0.1779
0.6346
-0.2263
-0.2263
-0.34
0.0
0.0772
0.0
0.0
0.0
0.0
-0.6249
0.0
0.0
0.4019
0.4019
-0.2263
0.0
0.0
0.4019
0.0
0.4019
0.4019
0.0
0.0
0.0
-0.34
0.0
0.0
-0.7783
-0.8481
0.6369
0.5267
0.6808
0.8932
0.3182
0.0
-0.4215
0.6597
-0.6908
-0.5423
0.7351
-0.5574
0.0
-0.5423
0.7351
-0.6808
0.0
0.0
-0.8402
0.0
-0.2023
0.0
0.0
0.2732
-0.0276
0.6369
0.0772
-0.25
0.0258
0.3612
0.0
-0.6908
-0.4588
-0.8779
-0.8658
0.0
0.0
0.3818
0.0
0.6808
-0.1421
0.0
-0.1027
-0.0598
0.1027
0.0
-0.6249
0.0
-0.4588
0.0
0.2247
0.4391
0.0
0.5423
-0.4043
-0.6597
0.0
0.0
-0.5256
-0.3252
0.3832
-0.8029
-0.4215
0.7096
0.4767
0.4005
0.0
0.0
0.8126
-0.5106
-0.34
0.0772
0.0
0.4767
0.0
0.2755
-0.4588
0.0
0.0772
0.0
-0.25
-0.7964
0.4019
0.0
0.0
0.3182
-0.3182
-0.431
-0.8074
0.3182
0.0772
0.0
0.0
0.0
0.0772
0.7783
0.0
0.6369
0.4588
0.4939
-0.1027
-0.5574
0.0
0.3612
-0.3875
-0.3612
0.38
-0.1032
-0.0258
0.0
-0.296
-0.7579
-0.5994
-0.5994
-0.7184
0.25
0.0
0.4404
0.4588
0.0
-0.0572
-0.3818
0.0
-0.4939
0.1531
-0.8645
0.0
0.5106
0.8074
-0.2263
-0.6597
0.5719
0.0258
0.4404
-0.7594
-0.296
-0.6124
0.0258
-0.5106
0.0
-0.7184
0.0
-0.1531
0.0
0.1406
0.0
-0.4767
-0.8271
0.3182
-0.4588
0.8481
0.0
0.5574
0.2732
0.0
-0.5106
0.0
0.7042
0.0
0.4404
0.5859
0.6369
0.6705
-0.0057
0.0
0.0
-0.4767
0.0
0.8225
0.0
0.4404
0.0
-0.3612
-0.9342
0.4019
-0.296
0.0772
0.0
0.0
0.0
0.0
-0.0572
0.0772
0.4404
-0.4019
0.0
0.0
0.2023
-0.2263
-0.3412
0.4215
0.0
0.3182
0.0
0.0516
0.0
-0.6195
-0.743
0.0
-0.4404
0.0
0.0
0.0
-0.7845
0.0
-0.3895
0.0
-0.6908
0.0
0.0
0.0
-0.5267
-0.6597
-0.2732
0.4019
0.0
-0.8689
0.8555
0.0
-0.7184
0.2732
0.0
0.0139
-0.7717
-0.5267
0.9169
0.4678
-0.296
-0.5423
-0.0258
-0.7096
-0.3612
0.2441
-0.4088
0.0
0.128
0.2023
0.0
0.3182
0.0
-0.121
-0.2006
-0.4822
0.3182
0.8271
-0.044
-0.8066
-0.807
-0.7906
-0.9211
0.4019
0.296
-0.7579
0.0
0.2023
-0.3182
0.0
0.3612
0.0
0.0
0.4754
0.3612
0.0
0.0
0.0
0.0
0.0
0.1779
0.3818
0.0
-0.4767
0.0
-0.4939
0.0
0.0
0.4767
0.0
0.0
0.0
-0.6435
0.0
0.0
-0.3612
-0.8126
-0.8271
-0.0258
-0.296
0.2924
0.6249
0.0
0.0572
0.0
0.6369
0.0
-0.4404
0.7264
0.4754
-0.128
-0.0516
0.3818
0.6369
0.0
0.0
0.0
0.0
0.0
0.0
-0.296
0.0
0.1027
-0.296
0.0
0.0772
0.0
0.0
0.0
0.0
-0.2491
0.0
0.0
-0.0516
0.4939
-0.3724
0.4767
-0.7003
-0.1695
0.4939
0.0
0.0
0.0
0.0
0.4939
-0.5106
0.0
0.0
0.4939
-0.1828
-0.3612
-0.7003
0.0
0.3182
0.1779
0.0
-0.8442
-0.5096
-0.5096
0.0
0.2023
-0.4585
-0.2755
0.6369
0.3612
0.0
0.0
-0.7003
0.0
0.0
0.6652
0.0
0.4767
-0.34
-0.34
-0.4728
0.296
0.0
0.4466
-0.296
-0.8689
0.0
0.4019
0.0
0.0
-0.8985
0.0
0.0
0.0
0.0
0.9274
0.6597
0.0
0.0
-0.6597
0.0
0.0
0.0
-0.3612
-0.7783
0.6124
0.0
0.0
-0.34
0.7003
0.0772
-0.5719
0.296
0.0
0.0
-0.5106
-0.5719
0.0
0.2584
0.0
0.4404
0.5849
-0.5719
0.6486
-0.6808
0.2732
0.0
0.0772
0.0772
0.0772
0.0
0.0
-0.6418
0.101
-0.296
0.0
0.5994
-0.7096
-0.3818
0.0
-0.0572
0.0
0.8658
0.1531
0.0
0.3612
-0.765
-0.656
-0.8585
0.0
0.0
0.0
0.3182
0.6908
0.3612
-0.3724
-0.4404
0.1531
0.0
-0.5423
-0.0516
-0.1027
0.0
-0.2732
0.4019
0.0
-0.3818
0.0
-0.2263
0.0
0.3818
0.3818
-0.2023
-0.8176
0.0
-0.1027
0.0
0.0772
-0.5423
-0.5423
-0.4767
-0.765
0.0258
0.0
-0.6249
0.4215
0.0
-0.3612
-0.7501
-0.6705
-0.6705
0.0772
0.0
-0.4877
0.4804
0.0
-0.2498
0.6369
0.2732
0.3182
-0.2023
0.3612
0.0
-0.2023
0.0
0.0
-0.6102
0.25
0.0
0.0
0.0
0.0
0.3612
0.0
0.0
0.4404
0.2235
-0.0572
0.0
0.2732
0.0
0.0
0.0772
0.0
0.0
-0.6705
-0.2755
-0.3612
0.0
-0.3612
0.4019
0.5994
0.0
0.0
0.4939
-0.4767
-0.5209
-0.4215
0.5574
-0.1695
0.0
-0.96
0.2732
0.2732
-0.6249
0.3724
0.0
0.0
-0.3566
0.0
0.6369
0.0
0.0
0.0
0.0
0.3875
0.0
0.0
0.0
0.0
0.0
-0.6908
0.4019
0.0
-0.2263
-0.34
-0.2732
0.0
0.0
0.0
0.0
0.5106
0.4404
0.6808
0.0
-0.5256
-0.3384
-0.2755
-0.1531
-0.1531
-0.8519
0.4404
0.0
0.0772
0.0772
0.0772
0.0
0.0772
0.0
-0.5719
-0.5719
-0.9081
0.0
-0.4767
-0.7003
-0.4549
0.1406
-0.7003
0.0
-0.5994
0.0
0.0
-0.765
-0.7906
-0.6705
-0.2732
-0.5267
-0.296
0.0
0.0
0.4973
-0.3612
-0.3612
-0.3612
-0.3612
0.0
-0.3612
0.2732
-0.2263
0.0
0.0
0.2755
-0.8402
0.2755
0.2732
-0.4588
0.25
-0.4939
-0.8354
-0.1531
0.0
-0.3182
0.0
0.0
-0.34
-0.128
-0.4404
0.8555
-0.5216
0.0
0.0
0.0
-0.796
0.0
0.0
-0.5994
0.0
0.0
0.0
0.4748
0.2057
0.4215
0.0
0.0
0.0
0.0
0.0
0.6705
-0.3818
0.4939
0.296
0.1779
0.128
0.0
0.5994
0.0
0.0
0.0
0.2263
0.0
0.0
0.0
0.0
0.4391
0.0
0.0
-0.6597
0.0
-0.0258
0.0
0.0
0.0
-0.38
0.0
0.3818
0.0
0.0
-0.6249
-0.5994
-0.7684
0.2716
-0.7693
0.2247
-0.1531
-0.4019
-0.4019
-0.1027
-0.4019
-0.4019
-0.4019
0.0772
0.0
-0.6597
0.0
0.0
0.3089
0.0
0.0
0.0
0.6369
0.0
0.0
0.0
0.0
0.743
0.0
0.6557
-0.5849
0.0
0.0
0.25
0.25
0.0
0.9353
-0.7774
-0.5256
0.0772
-0.0516
0.4404
0.7548
-0.5256
0.0
0.1477
0.0772
-0.5563
-0.3597
0.5766
0.0
-0.128
-0.2584
0.4019
0.3612
0.7248
-0.6808
0.296
-0.128
0.0
-0.128
0.0
0.0
0.0
0.0
0.0
-0.128
-0.1027
0.2732
0.0
0.4404
-0.0191
-0.0191
0.4404
0.0
0.0
0.4939
0.0
-0.2263
0.0
-0.2263
0.0
-0.6705
0.1695
0.3182
0.3182
0.0
0.0
0.0
0.25
0.0
0.0
0.0
0.571
0.4939
0.0
0.0
0.0
0.2924
0.0
0.296
0.3612
0.7783
0.0
0.0
0.0
0.0
0.0
0.0
-0.1078
0.0258
0.4939
0.296
0.0
0.0
0.0
0.0
0.0
-0.481
-0.5994
0.0
-0.7432
0.0
0.0
0.0
0.0
0.1779
0.128
-0.1591
0.1027
0.0
0.0
0.2732
-0.3089
0.0
0.0
0.2144
-0.5574
0.0
0.0
0.4754
-0.6249
0.0
-0.5574
-0.431
0.0
0.3818
0.34
0.0
0.0
0.5859
-0.4005
0.0
-0.2732
0.34
0.0
-0.1027
0.0
0.296
0.6681
0.3612
-0.5859
0.4019
0.7717
0.2648
0.0
-0.5574
0.0258
-0.3818
0.3612
-0.678
0.5106
0.3818
-0.4023
-0.5267
0.4019
0.0
0.0
-0.3818
0.0258
0.0258
0.0
0.0
-0.2411
0.0
-0.4973
0.0
0.0
0.0
0.0
0.0
-0.0387
0.0
0.0
0.0
0.0
0.0
0.0
0.0
-0.8481
0.0
0.0
-0.5574
0.0
0.2023
0.0194
0.0
0.0
0.128
0.5574
0.0772
0.0
0.0
0.0
0.5956
0.3818
0.4019
0.5499
0.4404
0.6249
0.4939
0.0
0.9062
0.34
0.34
0.4404
-0.6908
0.7269
-0.6597
0.0
0.0
0.4404
0.7841
0.0772
0.743
0.743
0.0
0.6705
0.0
0.5095
0.0
0.0
0.0
0.0
-0.4019
-0.2263
0.1779
0.8689
-0.4767
-0.6908
0.0
0.2263
0.1531
0.0
-0.4939
0.0
0.0
-0.5504
0.4215
0.8176
0.5563
0.128
0.6808
0.128
0.0
0.0
-0.2057
-0.3412
0.0
-0.9072
0.3612
-0.2484
0.0
0.0
-0.4019
0.6369
0.1935
-0.34
0.0
0.0
0.4404
0.4939
0.0
0.0
0.0
0.0
0.0
0.93
-0.1531
0.0
0.0
0.0
-0.3412
0.34
0.0
0.0
0.0
0.0
-0.3818
-0.3818
0.0
-0.2006
-0.6364
0.0
-0.2263
0.0
0.7425
0.0
0.6908
0.0
0.4404
-0.2975
0.4767
0.4019
0.0
0.0
0.0
0.6249
0.0
0.0
0.0
-0.5423
0.2023
-0.296
0.4466
0.4404
0.0
0.0284
-0.2006
-0.2023
0.0
-0.2023
0.4588
0.7351
-0.0772
0.5574
-0.34
0.6597
0.0
0.3182
0.1531
0.0
0.0
0.0
0.2732
0.4939
0.4588
0.0
0.0
0.6124
0.0
0.3612
0.0
0.0
-0.0191
0.8807
-0.1546
0.3102
-0.3182
-0.624
-0.4939
0.0
0.0
-0.4939
-0.9451
0.4201
0.0
0.0
0.0
-0.0772
-0.4019
0.3182
0.6486
0.0
0.3182
-0.5859
-0.1027
0.4767
0.6808
0.0
0.34
0.7902
0.6917
0.5256
0.0
0.3384
0.2716
0.4378
0.0
-0.2263
-0.357
-0.34
-0.2732
-0.7906
-0.4019
-0.1796
0.0
0.0
0.0
0.2263
-0.128
0.3182
-0.3804
0.0
0.0
0.0
0.2023
-0.2023
0.0
0.0
0.5719
0.0
0.2023
0.3412
0.0
0.4404
0.0
0.25
0.2716
0.0
0.0
-0.0258
0.0
0.0
0.0
0.4404
-0.4588
0.0
0.0
0.0
-0.3818
-0.6249
0.0
-0.4019
0.5423
0.3818
-0.7717
0.0
0.4404
0.0
-0.7003
0.0
-0.7003
-0.34
-0.6124
-0.3818
-0.25
0.4404
0.0
0.5106
0.0
0.0
0.0
0.0
0.0
0.0
0.0
0.8689
0.8689
0.0
0.0
0.802
0.0
0.0
0.0
0.624
0.624
0.0
0.3384
0.7298
0.0
0.3182
0.0
0.8255
0.7003
0.0
0.1779
0.0
-0.4019
0.2732
0.0
0.0
0.0
0.0
0.0
-0.5696
0.0
-0.6808
0.0
0.4404
0.3612
0.0
-0.2263
0.0772
0.5106
0.2023
-0.8807
0.0
-0.4404
0.3412
0.5994
0.0
0.0
0.1027
-0.0258
0.4019
-0.0516
0.0
0.4404
0.802
0.6808
0.0
0.0
0.296
0.3612
0.2716
0.0
0.0
0.4019
0.0
0.3612
-0.8126
0.6808
0.7184
0.0
0.8772
0.8481
0.0772
0.8225
-0.4767
0.0
-0.8625
0.2732
0.0
0.7579
0.0
0.3818
0.1779
0.7383
-0.4717
-0.4717
-0.4717
0.357
0.3553
-0.3875
-0.2263
0.3612
0.0
0.0
0.5859
0.5859
0.8934
0.3612
0.0
0.8402
0.1531
-0.5423
0.0
0.0
-0.4588
0.4404
0.0
-0.8225
0.0
0.0
0.0
0.0
0.6249
0.6249
-0.3818
0.0
0.0
-0.3612
0.0
-0.3612
0.2023
0.0
0.4588
-0.296
-0.6597
0.0
0.0
0.5563
0.0
0.0
-0.34
0.1027
0.0
0.5106
0.5267
0.0
0.0
0.0
0.0
0.1779
0.0
0.4404
0.0
0.6249
0.0
0.743
0.0
0.128
0.3182
0.6369
-0.4767
0.0
0.0772
0.0
0.7003
-0.34
-0.1779
0.0
0.0
0.0
0.7735
0.5023
-0.5873
0.3612
0.4404
0.0
0.7783
-0.25
0.0
-0.6249
0.3182
0.743
0.0
0.7717
-0.296
-0.8481
-0.0258
-0.6808
0.4215
0.975
0.0
-0.296
-0.6808
0.0
-0.4939
-0.4767
0.0
-0.4019
0.0
0.0
-0.296
0.0
0.0
0.296
0.5096
0.0
-0.5932
0.0
0.0
0.6249
-0.6486
-0.1779
0.4168
-0.1406
-0.4678
0.2441
0.7239
0.3818
0.0
0.7264
0.0
0.0
0.6214
-0.5859
-0.9136
0.0
-0.8625
0.3612
0.6124
-0.4404
-0.5719
-0.5267
0.0
0.6369
0.4588
0.0
0.6602
0.0
0.0
-0.6486
-0.5678
0.0
0.5466
0.6249
0.6705
0.0
0.3612
0.0
0.7269
0.649
-0.3612
0.0
0.0
0.5574
0.5136
0.0
-0.5719
0.4019
0.4391
0.2263
0.0
-0.296
-0.0772
0.0
0.8481
0.7096
0.0
0.0
0.25
0.0
0.0
0.0
0.0
0.0
0.0
-0.5423
0.489
0.0
0.0
0.0
0.0
0.0
0.0644
-0.8176
0.0
0.0
0.0
0.0
0.0
0.0
0.0
0.0
0.0
0.7034
0.0
0.8016
0.0
0.0
0.0
0.0
-0.2755
-0.4973
0.0
-0.4588
-0.2057
0.0
0.0
-0.4019
0.0772
-0.3875
0.872
0.3612
-0.0772
0.296
0.3338
-0.4019
0.0
0.0
0.6249
0.5859
0.0
-0.2755
0.296
0.0
0.0
-0.2755
-0.2755
0.0
-0.4606
0.0
0.0
-0.2263
-0.6808
0.0
0.0
0.0
0.3862
-0.5897
0.4215
0.1531
-0.1877
0.4404
0.25
0.0
0.0
0.0
0.0
0.0
0.0
0.4019
0.0
0.4019
0.25
0.5423
0.6249
0.0
0.3182
0.0258
0.0
0.1901
0.6908
0.128
0.0
0.0
0.0
0.0
0.0
0.0
0.4939
0.0
-0.4767
-0.4767
0.0
0.0
0.0
0.2732
0.0
0.0
0.0
0.0
0.5413
0.0
0.0
0.5719
0.2023
-0.296
0.0
0.0
0.0
0.0
0.3612
0.3612
0.0
0.0
0.6369
0.0
0.128
0.0
0.0
-0.7269
0.0
0.0
0.296
0.6369
-0.0572
0.0
0.0
-0.34
-0.3182
0.5106
-0.4939
0.4215
0.4215
0.6369
0.3612
0.2263
0.4939
0.4939
0.4939
0.4767
0.4404
0.0
-0.5719
0.4023
-0.7713
-0.6249
0.0
-0.5719
0.0
-0.296
-0.5267
-0.5574
-0.4767
-0.1531
0.0
0.6602
0.0
0.1877
0.3182
0.0
-0.296
0.2755
0.357
-0.7003
0.0
-0.5531
0.0
0.4019
0.2732
-0.3612
-0.3612
-0.3612
0.8271
0.0
0.4404
0.8393
0.0
-0.4939
0.2023
-0.4939
-0.296
-0.5106
0.6887
-0.296
-0.296
0.4877
0.0
-0.0772
0.3612
-0.3612
0.0
0.0
-0.5688
0.2263
-0.3089
0.0
-0.5574
0.0
0.0
-0.7717
0.0
0.0
0.0
0.0
0.0
0.0
0.0
0.0
0.3612
0.0
0.0
0.0
0.3612
0.8176
0.0
0.0
0.2732
0.0
0.7003
0.4404
0.6059
-0.4767
0.0
-0.552
0.0
0.6778
0.4404
0.0
0.296
0.0
0.5499
-0.5423
0.0
0.7096
0.0
0.0
0.0
0.6249
0.0
-0.4159
-0.2584
0.8627
-0.3818
-0.3818
0.0
0.0
0.7579
0.0
-0.6002
0.7351
0.0
0.0
0.0
0.0
0.0
0.0191
0.0772
0.3182
0.7351
0.0
0.4404
0.0
0.0
0.3818
0.0
0.0762
0.0772
0.0
0.0
0.0
0.2732
0.0
0.0
0.4019
-0.6369
-0.9716
-0.1779
0.0
0.1779
0.0
-0.4767
0.0
0.7783
-0.4215
0.0
0.0
0.3612
0.0
-0.6705
0.891
0.0
-0.6597
-0.34
-0.2285
0.3182
0.2584
0.0
-0.7184
0.2584
-0.8807
0.0
-0.6249
0.4404
0.0
-0.0772
0.0
0.0
0.0
0.0772
0.0
-0.296
0.0
-0.6486
-0.6486
-0.296
-0.1027
0.5423
0.0
0.0
0.0
0.0
0.6124
-0.0572
0.0
0.0
0.0
0.0
0.0
0.0
0.0
0.0
0.0
0.0
0.0
0.3612
0.0
0.0
0.0
0.3818
0.0772
0.4019
-0.2382
-0.4215
-0.4019
0.0
0.0
-0.7269
0.0
-0.34
-0.4939
0.0
-0.7579
0.0
0.0
0.0
0.0
-0.7579
0.0
-0.5994
-0.4767
-0.4588
-0.4588
-0.34
0.6007
0.0
0.2924
0.0
0.0
0.0
0.2732
0.4019
0.0
-0.0516
0.0
0.0
0.3818
0.0
0.4215
0.0
-0.296
-0.1695
0.0
0.0
0.0
0.0
-0.4215
0.0
0.2023
0.4215
0.4215
0.0
0.0
0.0
0.0
0.0
0.6908
0.0
0.0
0.0
0.0
0.0
-0.5106
0.0
0.0
0.0
0.0
0.0
-0.7506
-0.5423
0.0
0.2732
-0.3612
0.5574
-0.6808
0.6597
0.5719
0.0
0.0
0.4019
0.0
0.0
0.0
0.0
0.0
-0.3612
-0.1027
0.6369
-0.6705
-0.3818
0.4019
0.0
0.0
0.0
0.0
0.3182
0.0
0.8126
0.4019
0.6124
0.5859
0.4019
0.0
0.0
0.0
-0.1603
0.0
0.0
0.0
0.0
0.0
0.0
0.0
-0.5106
0.6249
0.9136
0.4201
0.0
0.0
0.0
0.0
-0.8805
-0.2755
-0.9359
0.0
0.8316
-0.5413
0.0
0.7579
-0.2732
0.0
0.0
0.0
0.0
0.0
0.4628
0.3818
-0.1779
0.09
-0.0772
0.0
0.7845
0.0
-0.4404
-0.2617
0.5574
0.0
0.2732
0.128
0.0
0.0
-0.34
-0.4186
-0.5574
0.5587
0.0
0.3182
-0.4019
-0.836
-0.8821
0.0
0.6187
0.5994
0.0
-0.5994
0.6249
-0.5423
0.3612
0.0
0.296
-0.6445
0.0
0.0
0.4215
0.0
0.1406
0.0
0.0
0.0
0.6836
-0.4939
-0.0572
0.0
0.0
-0.4767
0.5106
-0.1027
-0.4404
0.0
0.0
-0.7184
-0.8126
-0.4767
0.0
-0.128
0.1511
0.7964
0.4404
0.0
0.0
0.0
0.0
0.5423
0.0
0.0
0.6858
-0.1695
0.2263
0.0
-0.34
0.0
0.6428
-0.1531
-0.296
0.0
0.0
-0.296
-0.584
-0.9153
0.0
0.0
0.0
0.0
0.802
-0.1935
0.0
-0.5093
0.6808
-0.4588
0.4168
0.4588
0.0
0.4404
0.4404
0.0
0.2263
0.34
0.0
0.0
0.0
0.2263
0.0
0.4927
0.4404
0.1779
-0.6808
-0.2617
0.8625
0.296
0.0
-0.296
-0.6249
0.0
0.4215
0.0
0.0
0.52
-0.4456
0.0
0.0
0.4019
0.296
0.0
0.4019
-0.6486
0.4019
-0.4588
-0.4019
0.3089
-0.4019
-0.8271
0.0772
-0.1326
0.0
0.0
0.0
0.0
0.0
0.0
0.0
0.0
-0.5994
-0.5423
0.0
0.0
0.34
0.0
0.4404
-0.0572
0.0
0.0
0.0
-0.5994
0.0
0.0
0.0
-0.2411
0.0
0.0
0.296
0.2869
0.0
0.0
0.0
0.4449
-0.5574
-0.7906
0.7184
0.0
0.0
-0.5423
0.5499
-0.3818
-0.6705
0.0
0.0
-0.3818
0.0
0.0
-0.0258
0.0
0.4215
0.0
-0.9648
-0.0516
0.0
-0.6908
0.0
0.0
0.0
0.2023
-0.802
0.0
-0.082
0.0
0.0516
-0.2533
0.7003
0.0
0.5719
0.0
0.3818
0.0
0.0
0.3818
0.0
-0.5423
0.6369
0.0
0.0
0.0
0.0
-0.6249
-0.2263
0.4953
-0.4767
-0.4767
-0.4767
-0.4767
-0.296
-0.1419
-0.1154
0.2732
0.0
0.0
-0.6597
-0.1779
0.0
-0.3182
-0.5256
-0.4019
0.0
0.6249
0.0
-0.0549
-0.8074
0.0
0.4466
0.25
0.3818
-0.2263
0.6369
0.0772
0.4466
0.0
0.0
0.4767
0.0
0.2023
-0.4404
0.5106
0.7964
0.0
0.0
0.6369
0.9035
0.0
-0.3089
0.0
0.0
-0.2411
0.0
0.5106
0.4019
0.2023
0.0
-0.6486
0.4215
0.2263
0.5719
0.0
-0.7184
0.0
0.0
-0.296
0.2732
0.6249
-0.802
0.0772
0.0
0.0
-0.4019
0.3738
0.0
0.0
0.0
-0.5267
0.2247
0.0762
0.4215
0.8542
0.0
0.0
0.2263
0.0
0.0
-0.5994
-0.6486
0.0
0.0258
0.0
0.0
0.0
0.0
0.0
0.0
0.0
0.296
0.0
0.0
0.0
0.0
0.0
0.0
0.4767
0.0
0.6249
0.0
0.0
0.0
0.0
-0.0772
0.0
-0.6486
0.7184
0.7986
0.0
0.0
0.0
-0.4019
0.0
0.0
-0.0572
0.0772
0.0
0.34
0.0
0.0
0.0
0.0
0.0
-0.296
0.3085
0.0
0.0
0.0
0.0
0.4404
0.4404
0.3612
0.0
-0.1027
0.0
-0.6808
0.3612
0.0
-0.8126
0.5106
-0.2617
-0.5688
0.0
0.0
0.2023
-0.3818
0.0
0.6249
0.0
0.0
0.0
0.0191
-0.34
-0.1027
0.0191
0.0
0.4215
0.0
0.0
0.0
0.7351
0.0
0.0
0.0
-0.7579
0.0
-0.4767
0.8067
0.0
0.0
0.7351
0.2023
0.5267
-0.1779
-0.296
0.0
0.0
0.0
0.4692
0.0
0.0
0.4005
0.0
-0.4767
0.5574
0.0
-0.4404
-0.2023
0.1511
-0.6597
0.0
0.0
-0.4019
-0.0516
0.296
0.0
0.0
0.3612
0.0
-0.4019
-0.0516
0.3612
0.5994
0.0
0.0
0.0
0.34
0.0
-0.34
0.0
0.6682
0.079
-0.7302
-0.296
-0.1531
0.4215
0.0
0.0
-0.65
0.3818
0.0
-0.5859
0.0
-0.5994
-0.5994
0.0
0.0
0.0
0.2023
0.0
0.0
0.0
0.0
0.0
0.0
0.8519
0.0
0.0
0.0
0.3818
0.0
0.0
-0.1027
-0.2023
0.0
-0.1027
0.0
0.0
-0.3252
0.0
-0.0516
0.0
0.0
0.0
0.0
0.0
0.3612
0.0
0.0258
0.0
0.0
0.0
0.0
-0.0516
0.0
0.0
0.0
0.0
-0.3818
-0.4767
0.8225
0.34
0.0
0.0
-0.4588
0.0
-0.4767
-0.2023
0.34
0.0
0.0
0.0772
0.6369
0.0772
0.8016
0.659
-0.3875
0.0
0.8402
0.0
0.4404
0.0
0.0
0.1531
0.4019
0.1531
-0.2057
0.3612
0.6486
0.0
0.0
-0.0258
0.34
0.5719
-0.5423
0.0
-0.8074
-0.5423
-0.2755
-0.5106
0.0
0.0
-0.3182
0.4404
0.8334
-0.6859
0.4215
0.6369
0.7096
-0.1027
0.0
0.0
0.0
0.0
0.0
0.3089
0.0
0.0
-0.2023
-0.8979
0.5574
0.4215
-0.4019
0.7184
0.0
-0.2824
0.0
0.4404
-0.6486
-0.4572
0.0
0.2732
0.0
0.0
0.4404
0.0
-0.3612
0.0
0.0
-0.1531
0.4215
0.8368
0.4215
0.0
0.1027
0.7717
0.4404
0.0
0.0
0.0
-0.6486
0.296
-0.6808
0.0
0.0
0.0
0.0
0.7717
0.0
0.0
-0.2411
-0.34
-0.5859
-0.3182
0.1027
0.0
0.0146
0.3818
0.4019
0.3818
0.6486
0.4019
0.4019
0.4019
0.4019
0.0
0.0
0.7906
0.0
-0.4404
0.0
0.0
0.128
0.0
-0.1779
0.0
0.1779
0.0
0.0
0.0
-0.6486
-0.296
0.0
0.0
0.0
0.0
0.3477
0.0
0.0
0.3612
0.0
0.0772
-0.3252
0.4404
-0.4118
0.8225
0.25
0.0
0.0
0.0
0.0
-0.1531
0.0
0.0772
0.7707
0.6369
0.0
-0.4588
-0.6486
0.0
0.0
0.2732
0.0
0.0
0.2716
0.0258
0.5106
-0.128
0.0772
-0.0516
0.25
0.0
0.0
0.0258
0.0
-0.1645
-0.7351
0.0258
0.6124
0.0
0.0
0.0
-0.2516
0.3612
0.0
0.7579
0.5267
-0.7506
0.0
0.0
0.0
0.7964
0.0
0.765
0.5106
-0.3724
0.4023
0.6369
0.0
-0.3818
0.1531
-0.802
0.7351
0.0
0.0
0.8074
-0.5743
-0.3237
0.8519
0.7269
0.0
0.5023
0.2732
0.7713
0.8689
0.0
0.0
0.0
0.3612
-0.3089
0.4201
-0.8737
0.0
-0.4767
0.7269
0.0
-0.3182
-0.296
-0.9524
0.4404
0.0
0.0
0.2023
0.0
0.0
0.7845
-0.2263
-0.5719
0.4767
-0.4767
-0.4767
-0.5267
0.4168
0.6249
0.5859
0.3612
0.0
0.5574
0.34
0.34
0.34
0.567
0.0
0.0
0.0
-0.8689
-0.4767
0.0
0.0
0.0
0.8779
0.0
0.4404
0.4023
0.4588
0.8885
0.6705
-0.6908
0.25
0.1655
0.3818
0.0
0.3818
0.0
0.4404
0.6369
0.5719
-0.4215
0.0
0.4201
0.3134
0.4767
0.0
-0.4717
0.9022
0.0772
0.0
-0.6092
0.0
0.0
0.0
0.0
0.5106
-0.1531
0.0
0.0
0.5994
-0.1531
0.4019
-0.2263
-0.4767
0.9578
0.2023
0.0
0.0
0.0
-0.4576
0.0
0.0
0.0
0.0
0.0
0.0
0.0
0.0
0.3724
-0.4767
0.0
-0.5859
-0.7783
-0.1027
-0.3182
-0.0572
0.0
0.0
0.3182
-0.2411
-0.2411
0.0
0.4215
0.0
0.802
0.2263
0.5563
0.5361
0.8316
0.0
0.0
0.0
0.0
0.0
0.0
-0.8126
0.0
0.5719
0.0
0.6997
0.0
0.9257
0.5423
0.7717
0.0
0.128
0.0
0.0
0.6757
0.0
0.0
0.4767
0.0772
0.8225
-0.714
0.4767
-0.6249
-0.8225
0.0516
0.0
0.0
0.0
0.2732
0.2732
-0.3182
-0.7159
0.0
0.0
0.7311
0.0
-0.296
0.0
0.8573
0.6249
0.0772
0.0
0.0
0.3182
0.4497
0.3182
0.0
0.0
-0.2732
0.0
-0.3626
-0.6124
0.0
0.1779
0.4588
0.0
-0.854
0.0
-0.128
0.0951
0.0
-0.3612
-0.5994
-0.5994
0.0
-0.5994
0.0
0.0772
-0.9332
-0.4404
0.0
-0.5423
-0.7579
0.6261
0.0
0.2732
-0.5423
-0.5256
0.0
0.3818
-0.8176
-0.6249
-0.5994
0.0
0.0
-0.4767
-0.5994
0.431
0.8225
0.0
0.25
0.0
0.5106
0.6369
-0.8225
0.7506
0.0
0.0
0.5729
-0.0972
0.3612
0.3612
0.0
0.0
0.0
0.0
-0.2732
0.25
-0.2732
0.4215
0.0
0.4215
0.0
-0.4019
0.0
0.3612
0.0
0.0
0.0
-0.296
0.0
0.0
0.0
0.0
0.0
0.0
0.0
0.0
0.0
0.0
0.3612
0.0
-0.2617
-0.304
0.0
0.6155
-0.0772
-0.128
0.0
0.0
-0.5719
-0.2023
-0.4404
0.0
0.4215
0.3804
0.0
0.0
0.802
0.0
-0.2023
-0.2023
-0.2023
-0.2023
0.0
0.0
-0.3182
0.0
-0.0516
0.0
0.8799
0.9081
-0.0772
0.0
0.3612
0.3182
0.0
0.0
0.0
0.0
0.3612
0.3182
0.0
0.0
0.0
0.3612
0.0788
0.0
0.0
-0.4767
0.0
-0.4404
0.0946
0.0
0.7003
0.0
-0.1695
0.0
0.0
0.3612
0.2716
-0.5994
0.0772
-0.4404
-0.6214
-0.7269
0.024
0.2732
0.0
0.0
0.0
0.0
0.0
0.0772
0.0
0.0
0.0
0.296
0.0
0.0
0.6369
-0.4019
0.4585
-0.5719
0.0
0.0
-0.5106
-0.0516
-0.5267
0.3612
0.0
0.7783
-0.128
0.7783
0.0
0.0
-0.0258
0.4019
-0.3612
-0.4767
0.0
0.0
-0.34
-0.3089
0.0
-0.2584
0.0
0.0
-0.3089
0.4019
0.0
0.4215
0.5859
0.0
0.0
0.0
0.0
0.2732
-0.4404
-0.4767
0.0
0.0
-0.4588
0.0
0.0
0.0
0.0
0.0
-0.6085
-0.3612
0.0
0.0
0.0
0.0
-0.4767
-0.4019
-0.8658
-0.5432
0.0
0.0
-0.2732
0.0
-0.2732
-0.2732
0.0
0.1406
-0.7845
0.0
0.7717
0.0
0.0
0.5106
0.6808
0.0
0.0
-0.5423
0.0
0.7003
0.6369
0.0772
0.0
0.5106
-0.5994
0.7858
-0.4939
0.3182
0.8126
0.0
0.0
-0.0772
0.4215
0.0
0.0772
0.0
0.2023
0.0
0.0
0.0772
0.0
0.0
0.0
0.0
-0.0165
-0.802
0.0258
0.7269
0.4404
0.0258
0.4939
0.8313
0.4939
-0.25
0.0
-0.5994
0.2023
-0.6369
-0.7964
0.0
-0.6652
0.0
0.4019
0.0
0.4019
0.0772
0.0
0.0
0.4215
0.0
0.0
-0.3612
0.0
0.3182
0.2732
-0.6249
0.0
-0.836
0.0
0.0
0.2023
0.0
0.0
0.296
0.1779
0.7239
-0.3947
0.2666
0.0
-0.296
0.0
0.0
0.0
-0.1027
0.3818
0.0
-0.4019
-0.4404
0.0
0.0
-0.6213
0.4404
0.0
-0.5574
-0.3818
-0.5423
-0.6249
0.2023
0.0
0.0
0.0
0.0
0.296
-0.128
-0.2263
-0.4019
0.0
0.0
0.0
0.0
0.101
0.0
0.0
0.0
0.0
0.2732
-0.296
0.0
0.0
0.3182
0.5106
0.2354
0.3818
-0.3412
-0.2263
-0.8215
0.6808
0.0
0.4019
0.0624
0.0
0.0
0.0
0.0
-0.1531
0.0
0.0
-0.2755
0.4215
-0.8342
0.0
-0.296
-0.3089
0.0
-0.3089
-0.5358
0.0
0.0
0.0
0.0
-0.3788
0.2732
0.0
0.0
0.0772
0.4215
0.0772
0.0
0.3182
0.0
0.0
-0.4588
-0.5334
0.0
0.4019
-0.128
-0.0635
0.0
0.4019
0.3182
-0.4019
-0.5318
0.0
-0.5574
0.1779
0.0
0.3182
0.0
0.0
0.0
0.128
0.2263
0.2892
-0.3237
0.0
0.4019
0.4019
0.0
0.0
0.1406
0.296
0.0
0.0
0.0
-0.5574
0.0
-0.0276
0.0
0.0
0.1469
0.4215
0.0
-0.6908
0.3182
-0.0258
0.5719
0.0
0.5445
0.0
0.0
-0.2732
-0.6597
0.0
-0.3237
0.0
0.3818
0.0
-0.5574
0.0
0.0772
-0.575
0.0772
0.4767
0.0
-0.1027
-0.5248
-0.0772
0.0772
0.0
0.0
0.0
0.0
0.0
-0.4019
0.0762
0.7906
0.2023
0.2023
-0.4753
0.0
0.0
0.0
0.0
0.0
0.0
-0.128
0.0
0.0
0.0
-0.8376
0.0
0.0
0.34
-0.5574
0.0
0.0
0.0
0.0
-0.5413
0.0
-0.6906
0.0
0.34
0.0
-0.3252
-0.4019
0.0
0.5106
-0.3818
0.296
-0.6908
0.0
0.0
0.1531
0.3612
0.624
0.0
0.0
-0.3818
-0.3818
0.3818
0.0
0.6369
0.0
0.8779
0.0
0.0
0.0
0.0772
0.3612
0.0
0.0
0.0
0.0
0.0
0.0
0.0
0.6124
0.0
0.0
0.0
0.0
0.0
0.0
0.6908
0.2023
0.0046
0.0
-0.296
0.0
0.6249
0.0
-0.7684
-0.4782
-0.6908
0.6369
0.0
0.0
0.7906
0.0
0.4404
0.6249
0.0
0.872
0.0
-0.7783
0.0
0.0
0.0
0.0
0.3384
0.4939
-0.2263
-0.3612
0.0
0.0
-0.296
0.128
0.8957
0.2732
0.0
0.4767
0.6808
0.6808
0.0
-0.4767
0.5574
0.0
0.3182
0.5346
-0.296
0.7165
0.4019
0.0
0.0
0.0
0.0
0.0
0.0
0.765
0.0
0.1779
-0.0286
0.6808
0.7506
0.0
-0.6249
0.8263
0.0
0.5719
-0.765
0.0
0.3818
0.0
-0.5994
0.4404
0.4404
0.0
0.4404
0.0
-0.0572
0.4767
0.0
0.0
0.5709
0.0
0.0
-0.128
-0.5574
0.0
0.3182
-0.3182
0.0
0.0
-0.4215
0.7783
0.0
0.6124
0.4912
-0.0258
0.3612
0.25
0.0
0.0
-0.296
0.0
0.7461
-0.4588
0.0
-0.3851
0.0
0.2732
0.6808
-0.4215
0.4019
0.5859
0.0
0.0
-0.6124
0.0
-0.1139
0.25
0.0
0.0
0.7906
0.25
0.0
0.0
0.0
0.0
0.0
0.0
0.3612
0.0
-0.296
0.0
0.6031
-0.4019
0.0
0.0
0.5859
0.4215
-0.4019
0.2263
0.0364
0.0772
0.4902
0.2382
0.0772
0.25
0.0
0.6705
0.4215
0.2023
0.6597
0.7172
0.4215
0.0
0.8791
0.541
0.6908
0.8363
0.4215
0.0
0.5719
0.0
-0.4767
0.6249
0.0
0.8625
0.5267
0.7783
0.0
0.4215
0.4939
-0.6597
-0.5423
0.0
-0.296
0.6705
0.3744
0.0
0.0
0.0
0.6597
-0.4588
0.0
0.0
0.0
0.0
0.0
-0.6124
0.128
-0.7506
-0.3818
0.0258
-0.0018
0.6486
0.0
0.2732
-0.296
0.0516
0.0
0.2144
0.743
0.4215
0.5413
0.0
0.5267
0.6059
0.4404
-0.5267
0.0
-0.3182
0.0
-0.4404
-0.2263
0.0
0.3612
0.0
0.4019
0.0
-0.4019
0.0
0.0
0.0
0.0
0.0
0.4215
-0.4588
0.0
0.0
0.0
-0.6705
-0.0865
0.0
0.2716
0.0
0.0
0.0
-0.1154
0.0
-0.6124
-0.6486
0.3818
0.0
-0.5994
0.6908
0.4215
0.0
0.2584
-0.2411
-0.2732
0.0
0.0
-0.5574
-0.5641
-0.4144
0.296
0.6369
0.0
-0.128
0.2023
0.0
-0.7506
0.4939
0.0
0.25
0.0
0.2924
0.4168
-0.8402
0.2263
0.0
-0.5423
-0.4588
0.0935
-0.8413
0.5106
0.0
-0.4717
0.0
0.7351
0.8176
0.0
-0.0772
-0.5267
0.0
0.0
0.0
-0.3306
0.5859
-0.3252
-0.4215
-0.3626
0.0
0.0
0.0
0.5423
0.0
0.4939
0.089
0.0
0.2732
0.0
0.0
0.0
0.0
0.0
0.5267
0.2732
0.7964
0.0
0.0
0.0
0.4173
0.0
0.5956
0.0
0.0
0.6124
0.6249
0.0
-0.1531
0.3818
0.0
0.0
0.0
0.5859
-0.3832
0.4215
0.0
0.3612
0.0
0.4707
0.2732
0.5423
0.2732
-0.2023
0.0
0.8316
0.5267
0.0
0.4404
0.3182
0.3612
0.0
-0.2263
-0.5267
0.0
-0.1779
-0.7906
-0.2846
0.0
-0.7717
0.7184
0.0516
0.0
-0.3612
0.743
-0.4588
0.7003
0.3612
0.0
0.7609
0.3182
0.9816
0.0
0.0
0.0
0.0
0.0
0.0
0.3327
0.0
0.0323
0.0
0.0
0.0
-0.6249
-0.296
0.5106
-0.8689
0.0516
0.5267
0.7269
0.0
0.0
0.0
0.6369
0.0
0.0
0.0
-0.5984
-0.5574
0.2732
0.0
0.0
-0.4019
-0.4019
0.0
-0.3412
-0.5994
0.0
0.0
0.0
0.4588
0.0
0.0
0.2732
0.0
0.0
0.0
0.8591
-0.5256
-0.5423
-0.8869
0.6808
0.0
0.926
0.0
0.0
-0.2748
-0.0516
0.1027
0.0
0.0
0.2617
0.4466
0.0
-0.4939
0.5859
0.5859
-0.4717
-0.4717
0.5859
0.0
0.6124
0.0
0.4567
0.0
0.0
0.0
0.0
0.3252
0.0644
0.0
-0.7089
0.3612
0.3612
0.0
-0.4005
0.6478
0.0
0.6486
0.0
0.0
0.8591
0.7906
0.3182
-0.0772
0.4019
0.0
0.0
0.2716
0.0
0.7579
0.0
0.0
-0.4215
0.4767
-0.0191
0.4019
0.128
0.4019
0.0
-0.4215
0.0
0.0
0.4019
0.4939
0.0
0.6249
0.0772
0.0
0.0
-0.25
0.0
0.4215
0.0
0.0
0.4215
0.0
0.0
0.4201
0.0
0.0
0.9001
0.3182
0.0
0.1779
-0.2944
0.0
0.0
0.0
0.0
0.0
0.0
0.0
0.0
0.0
-0.34
0.0258
-0.4767
0.8047
0.0
0.4019
-0.34
0.0
0.0
0.1406
0.3818
-0.7351
0.0
0.0
0.0
0.0
0.4201
0.5935
0.8017
0.0
0.0772
0.3102
0.0772
0.0
0.0
0.0
0.0
0.0
0.8208
0.0
0.0
-0.7717
0.4215
0.7269
0.0
0.0
-0.0572
-0.4767
0.0
0.0
0.0
-0.3252
0.0
0.0
0.0
0.0
0.0
0.5371
0.2023
0.0
0.0
0.0
0.0
0.0
-0.4939
0.0
0.4404
0.0
0.0
0.6124
0.0
0.0
-0.7351
-0.7692
-0.0572
-0.0572
0.0
0.0
-0.0572
0.0
0.4215
0.0
0.0
0.0
-0.4767
0.0516
0.0
0.0
0.0
0.0
0.6682
0.7351
0.0
0.0
0.0
0.0
0.0
0.0
0.9337
-0.2732
0.7159
0.0
0.0
0.4939
0.0
0.0
0.0
0.0
0.0
0.3818
0.2263
0.0
0.0
0.0
-0.2263
0.4939
-0.0772
-0.4404
-0.5106
0.0
0.7096
0.128
0.0
0.25
-0.5859
0.4767
0.0
0.7351
0.0
-0.3724
0.4767
-0.4404
-0.4215
-0.7915
0.0
-0.3612
-0.0258
0.2263
-0.7543
-0.0258
0.8294
-0.6997
0.0258
-0.25
-0.3875
-0.4404
-0.2006
-0.128
0.0
0.0
-0.2006
0.8176
-0.4404
0.0
0.0
0.0
0.0
0.0
0.7906
0.0
0.2732
0.3612
0.0258
-0.5256
0.0
-0.296
-0.6808
-0.2551
0.2263
0.296
0.0
0.4404
0.0
-0.4588
-0.3412
0.0
0.0
0.0
0.0
0.0
0.0
0.0
-0.2263
0.0
0.0
0.0
0.2732
-0.705
0.296
0.296
-0.0516
0.0
-0.6908
0.0
0.6597
0.5859
0.0
-0.3794
-0.7525
0.4215
0.4404
-0.4215
0.0
0.0
0.0
0.0
-0.296
0.4391
-0.296
-0.5274
0.0
-0.5274
0.0
0.34
0.8884
0.0
-0.7269
0.5927
-0.4588
-0.7678
0.6486
0.0
0.0
0.3612
0.0
0.1326
0.2584
0.3415
0.6369
0.1027
0.0
0.0
0.5994
0.0
0.0258
0.0
0.0
0.0
0.0
0.6808
0.3182
0.5719
-0.3182
-0.128
0.3818
0.0
0.0
0.7184
0.0
0.0
-0.4767
0.0
0.0
0.0
-0.296
-0.2584
0.4723
0.0
0.0
-0.3089
0.3818
-0.5106
0.0
-0.0387
0.1027
0.884
0.0
0.3182
0.6369
-0.5574
0.8019
0.5719
-0.1027
-0.3818
0.0
0.3818
0.5837
-0.6369
-0.3447
0.0
0.0
0.0
0.0
-0.5517
-0.3612
-0.2434
0.0
0.0
0.0
0.0
-0.0772
-0.0516
-0.0516
0.4767
0.0
0.6808
0.4404
0.4404
0.4404
0.4404
0.4404
0.4404
0.4404
0.4019
0.0
0.0
0.0
0.0
0.0
0.4902
0.0
0.7506
0.0
-0.3875
0.0
0.5574
0.7783
0.0
0.0
0.5106
0.0
0.4902
0.0
0.7845
0.291
0.7506
0.0
0.0
-0.5994
0.0
0.2732
0.0
-0.6249
0.0
-0.0772
0.0
0.0
0.0
0.4939
-0.6597
0.4939
0.0
0.0
-0.0258
0.7018
0.0
0.5574
0.5859
0.0
0.0
0.0
-0.6402
-0.6818
-0.4019
0.0
0.0
-0.5994
0.0
0.6808
-0.1779
-0.6597
0.7992
0.0
0.6249
0.0
-0.0644
0.0
0.0
0.0
0.0
0.34
0.4466
0.0
0.6956
0.0
0.0
0.8316
0.0
-0.2924
0.34
0.4019
0.0
0.0
-0.4767
0.0
-0.4019
-0.4019
-0.128
0.0
0.0
0.0
-0.3182
-0.0572
0.0
-0.3252
0.0
0.0
0.0
0.0
0.4404
0.0
0.1531
-0.2572
-0.128
0.0
0.0
0.0
-0.128
0.0
0.0
0.0
0.0
0.0
0.5719
0.0
0.0
0.0
0.0
0.0
0.5719
0.0
0.0
0.0
0.0
-0.4847
0.0
-0.0572
-0.5216
0.0
-0.0572
0.0
0.0
0.0
0.0
0.0
-0.5267
0.0
0.0
0.0
0.0
0.0
0.0
0.0
0.296
-0.296
0.0
0.0
0.0
-0.5706
0.0772
0.0
0.2732
-0.1655
-0.25
0.5267
0.5859
-0.7269
-0.6486
0.6542
-0.4939
0.8176
0.631
0.0
0.0
0.2732
0.0772
0.5423
0.0772
0.4588
0.4588
0.0772
0.5423
0.3745
0.1406
-0.2263
-0.4215
0.0
0.0
0.5106
0.4168
0.5859
0.8885
0.0
0.0
0.2732
0.0
0.0
-0.7003
-0.743
-0.6249
0.0
0.0
-0.4939
0.0
0.0
0.0
0.0
0.7475
0.0
0.0
0.3089
0.5719
0.4927
0.0
0.4927
0.0
-0.4767
0.8668
-0.2732
0.0
-0.0191
0.1989
0.0
0.0
0.3612
0.0
0.0
0.0
0.2716
0.0
0.0
0.0
0.0
0.0
0.0
0.0
0.0
0.0
0.0
-0.3818
0.4767
0.3612
0.4404
0.0
0.0
-0.2755
0.0
-0.3182
0.0
0.0
0.1779
0.6808
0.0
-0.7184
0.0
0.0
0.0
0.3612
0.0772
0.0
0.296
0.7034
0.0
-0.1027
0.0
0.2732
0.4466
0.0
-0.4019
0.3724
0.0139
0.3724
0.0139
0.0
0.4939
-0.296
0.0
0.296
-0.1027
-0.3156
0.0
0.0
0.1027
0.0
-0.3318
-0.128
0.0
0.3612
0.2732
0.0
-0.0772
0.4404
0.0
0.0258
0.0
-0.4019
0.8126
0.0
0.4019
0.0
0.0
0.0
0.0
0.0
0.0
0.0
0.0
0.4404
-0.4767
-0.4767
0.2263
0.5413
0.7579
-0.3412
0.0
-0.8316
0.0
-0.2263
0.0
-0.7579
0.0
0.0
0.0
0.5267
0.0
-0.6318
0.0
0.0
0.0
0.9153
-0.7783
0.0
0.0
0.0
0.0
0.0
0.0
0.0
0.0
0.0
0.0
0.0
0.0
0.0
0.0
0.0
0.0
0.0
0.7783
0.4588
-0.0572
0.4019
-0.4588
-0.3818
0.0
-0.4767
0.0
0.0
0.0
-0.25
0.0
-0.3818
-0.8481
0.3781
0.0
0.4576
0.2732
-0.6597
0.0772
0.0
0.2023
-0.4767
-0.4767
-0.6908
0.0
0.0
0.4728
-0.0772
0.3071
0.0
0.5574
0.0
0.4404
0.0
0.0
0.4404
-0.6249
-0.1111
-0.7778
0.4019
0.2263
-0.4215
0.0
-0.5423
0.0
0.0
-0.5109
-0.6486
-0.2732
-0.4201
0.3612
-0.5994
0.0
0.7506
-0.2924
0.6249
0.0
0.0
0.0
0.0
-0.1695
-0.2732
-0.3875
0.0
0.0
0.0
0.168
-0.1955
-0.6808
0.0
0.0
0.802
-0.296
0.4404
0.0
0.0
0.0
0.0
0.0314
0.4939
-0.1955
-0.3804
0.3612
0.0
0.0
-0.6234
-0.3724
0.0
0.4215
-0.2411
0.2023
0.3384
0.0
0.8126
-0.4019
-0.25
0.0
-0.3612
0.0
0.228
0.0
0.6249
0.0
0.0
0.4215
-0.4767
0.5994
0.0
0.0
0.0
0.0
0.0258
-0.0258
0.0
0.4019
0.2023
0.6115
0.0
0.0
-0.6124
-0.9584
-0.7469
0.0
-0.6908
0.7269
-0.5106
0.2732
0.0
0.0
0.0
-0.8271
0.0
-0.5267
-0.296
0.0
0.7717
-0.4033
-0.6249
0.3182
0.0
0.8658
0.8169
0.0
0.3612
0.0
-0.4404
-0.5574
-0.128
0.0
-0.4588
-0.4404
-0.4019
-0.1779
-0.5656
0.0
0.5574
0.0772
0.0
-0.6597
-0.5574
-0.4767
-0.6249
-0.296
0.0
0.0
0.2263
0.0
0.0
0.0
0.0
0.4404
0.0
0.5413
0.0
-0.25
0.0
0.1999
0.3612
0.4215
0.3711
0.0
0.7096
0.0772
0.0
-0.0258
0.0
-0.4019
0.0
0.7579
-0.1027
0.0
0.0
0.0
0.0
-0.34
0.0572
0.0
-0.7346
-0.296
0.0
0.0
0.0
0.0
0.0
-0.8402
0.2023
0.0
0.0
0.0
0.0
0.2023
0.5267
0.5267
0.0
0.5106
0.0772
0.0
0.8051
0.0
0.6697
0.0
0.0
0.3612
0.0
-0.3182
0.6705
0.0
0.0
0.3182
0.0
0.0
0.0
0.0
-0.3182
-0.5504
0.7096
0.0
0.0
0.0
0.0
0.0
0.0
-0.296
0.1027
0.3612
0.3612
-0.1531
-0.34
-0.5106
0.0
0.25
0.0
0.0
-0.5106
0.0
0.296
-0.5574
-0.0772
0.0
-0.6486
0.0
0.2023
0.7964
-0.6124
0.34
-0.296
-0.4588
0.0
0.0772
0.0
0.0
-0.0323
-0.8979
0.0772
-0.5423
-0.5106
-0.765
0.0
0.0
0.4023
0.0
0.0
0.0
0.0
0.0
0.0
0.4019
0.6124
0.0
0.0
0.1779
0.0
0.0
0.4019
0.7034
0.3612
0.3962
0.0
0.0
0.0
0.0
0.0
0.25
0.0
0.0
-0.2755
0.0
-0.2263
0.0
-0.1027
0.0
0.0
0.0
0.0
0.0
0.0
-0.4939
0.8807
0.5859
0.0
0.0
0.0
0.0
0.0772
0.0
0.0
0.0
0.4576
0.0
0.0
0.0
0.0
0.4451
0.6249
0.0
0.0
0.4019
0.802
-0.4404
0.0258
0.6124
0.4019
0.6705
0.0
0.0
0.4215
-0.7013
0.7906
0.0
0.0
-0.3818
0.0
0.0
0.9273
0.0
0.2732
0.0
0.0
0.0
-0.2682
0.0
-0.0572
0.0
0.0
0.0
0.9274
0.0772
-0.8885
0.624
0.0
0.0
0.4767
-0.0572
0.0
0.5859
0.0
0.0
0.6757
0.0
0.0
0.0
-0.4019
0.0
0.0
-0.0516
0.4939
-0.7569
-0.2962
0.2732
-0.5574
-0.128
0.0
0.0
0.6808
0.4019
0.5423
0.0
0.0
-0.5719
0.0772
0.0
0.0
0.4767
0.2732
0.0
0.0
0.3612
0.0
0.4215
0.743
0.0
0.0
-0.128
0.0
0.0
0.0
0.0
0.5256
0.4019
0.0258
-0.9025
0.4019
0.3353
0.0
-0.0772
-0.5994
-0.8384
0.0
0.0
0.0
0.0
0.2235
-0.34
0.3182
0.5719
0.5106
-0.6486
0.0
-0.4541
0.0
0.0
-0.5722
-0.4404
0.1406
-0.296
0.0
0.0
0.0
0.0
0.0
0.0
0.5106
0.3182
0.0
0.4215
0.128
0.8885
0.0
0.0
0.4391
0.0
0.2144
-0.3818
0.0056
0.743
0.0
0.0
0.0
0.0
0.0
0.4588
-0.7847
0.4019
0.4939
0.0
0.0772
0.0772
0.0
0.4201
0.0
0.0
-0.8698
-0.4588
0.3182
0.0
-0.5859
0.3612
0.0
-0.5463
-0.5994
0.0
0.3818
0.0
0.0
-0.4588
-0.5095
0.8545
0.0
0.0
0.0
0.0
0.0
0.7351
0.0
0.4939
0.6369
0.5256
0.0
0.0
0.0
0.0
0.5106
0.5106
-0.6249
0.0
0.0
0.0
0.0
0.8807
0.0
0.0
0.2732
0.5256
0.4019
-0.3182
0.0
0.0
-0.3182
0.0
-0.3818
0.4767
0.0
-0.34
-0.5867
0.0
-0.5574
-0.5574
0.2716
0.0
0.4404
0.6597
0.0
0.7351
0.5859
0.5559
-0.9137
0.0
0.0
-0.5423
-0.1779
0.2023
0.4767
0.0
0.0
0.0
-0.5859
0.4939
0.4939
-0.3182
0.0
0.0
-0.4588
0.0
0.0
0.128
0.0
0.0
0.0
0.1139
0.0
0.0
0.0
0.0
0.0
0.0
-0.4588
-0.2263
-0.9209
0.6124
0.4767
0.0
0.0
0.0
0.4019
0.4404
0.0
0.4404
0.0772
-0.7003
0.0
0.7964
0.3612
0.5719
-0.0
0.0956
0.0
-0.6808
-0.2732
-0.5267
-0.6808
-0.4939
0.5859
-0.5719
0.5859
0.4404
0.0
0.0
0.1406
0.0
0.0
0.0
0.7351
0.0
0.7184
0.6369
0.6705
0.9578
0.7269
0.0
0.7506
0.5994
0.0
0.3612
0.6597
0.0
0.7351
0.0
0.0
0.2023
0.0
-0.4019
0.0
0.0
0.8979
0.0
0.6808
0.0
0.6369
0.7003
0.4019
0.8481
0.3612
0.0
-0.3612
0.0
0.0
0.2732
0.0
0.6597
0.0
0.5859
0.0
0.3612
0.875
0.6357
0.3612
0.0
0.0
-0.0194
0.6369
0.3612
0.0
0.0
0.3612
0.4215
-0.6705
-0.4588
-0.6956
0.0
0.0
0.0
0.0
0.0
0.2178
-0.7306
-0.7096
0.3459
-0.4717
0.0
0.0
-0.6597
0.9081
0.6124
0.0
0.2732
0.7269
0.5574
0.1531
0.0
0.5574
0.0
0.2263
-0.296
-0.7096
0.0
0.2732
0.5859
-0.6486
0.0
-0.3818
0.4576
0.7351
0.0
0.3612
0.0
0.0
0.8481
0.0
0.6705
-0.3182
0.6249
0.5574
0.743
0.5859
0.2732
0.0772
0.0
0.6369
0.2023
0.5574
0.0
0.0
0.0
0.0
-0.296
-0.4449
0.4902
0.6808
0.0
0.0
0.0
-0.4019
-0.2023
0.802
0.5574
0.0
0.4215
0.7096
0.0
-0.5719
-0.2081
0.5267
0.0
0.0
0.0
0.0
-0.4767
-0.296
0.0
0.0
0.0
0.0
0.0
0.0772
0.1027
0.0
0.5994
0.0
0.7717
0.128
0.4215
0.0
0.6597
0.886
0.9442
0.7841
0.0
-0.1027
-0.2433
0.0
0.0
0.1779
0.0
-0.8402
-0.4939
0.3304
-0.4417
0.0
0.0
0.3724
0.0
0.5106
0.0
0.0
0.0
0.3818
0.0
0.0
-0.4767
0.4939
-0.4767
0.0
0.0
-0.296
-0.1779
0.4019
-0.5719
0.0258
0.2732
-0.3182
-0.4019
0.0
-0.1027
0.0
-0.4939
-0.5106
0.0
0.0
0.0
-0.645
0.6705
-0.4144
0.0
-0.296
0.0
0.5574
0.0
0.0
0.3612
0.6249
0.0
-0.4716
0.0
-0.3597
0.0
-0.7351
0.0
0.6486
-0.7269
0.3818
0.4588
0.0
-0.296
-0.7096
0.8016
-0.2732
0.0
-0.4588
0.4215
-0.296
-0.2755
0.0
0.886
0.296
-0.296
-0.4019
-0.7506
0.2263
-0.0516
-0.4019
0.0772
0.0
-0.0258
0.204
0.0
0.0
0.4927
0.0
0.0
-0.5423
0.2105
0.0
0.3612
0.0
0.0
-0.6113
0.0
0.5719
0.0
-0.6113
-0.3818
-0.3818
0.0
0.0
0.0
0.0
0.5106
0.0
0.6259
0.0
-0.4585
0.3612
0.0
0.0258
0.3182
0.0
0.0
0.0
0.0
0.4215
0.0
0.0
0.0
-0.0258
0.0772
0.0
0.0
0.4404
0.0
0.4404
-0.3612
0.0
-0.296
0.0
0.5267
0.6249
0.0
-0.4767
0.0
-0.4215
0.0
0.0
0.2732
-0.6705
-0.891
0.0
0.0
0.3818
-0.4404
0.3818
0.765
-0.8016
0.0
0.0
-0.0516
0.0
0.0
0.0
0.0
-0.4404
-0.5994
0.0
0.0
-0.3612
0.5267
-0.3612
-0.3818
0.3291
-0.743
0.0
-0.5423
0.0
0.0
0.0
0.0
0.0
0.0
0.0
0.0
-0.743
0.0772
-0.34
0.0
0.0
-0.5994
0.0
-0.34
-0.34
-0.3612
0.5859
0.0
0.0
0.0
0.0
0.0772
0.0772
0.0
-0.3818
-0.765
0.0
0.0
-0.8316
0.0
0.0
0.4215
0.0
-0.9022
0.1689
0.875
-0.5106
0.0
0.0
-0.7351
0.7783
0.6486
0.4767
0.0
0.0
0.0
0.0
0.0
0.0
0.0
0.5719
0.4404
0.0
0.0
0.0
0.0
0.0
-0.34
-0.1027
0.3182
-0.0772
-0.6705
-0.4404
-0.7469
0.0
-0.5994
-0.6597
-0.3169
-0.2023
-0.1531
-0.4716
-0.2263
0.7269
0.0
0.0
0.5574
0.5927
-0.9648
0.1779
0.4588
0.0
0.4404
0.2023
0.0
0.4404
-0.3412
-0.3412
-0.3412
0.0
0.8582
0.0
0.25
0.0
0.0
-0.1139
0.0
0.0
0.0
0.0
0.2732
-0.7479
-0.5719
0.0
0.0
0.3022
0.0
0.1017
0.3182
-0.6249
-0.4939
0.0
0.0
-0.5423
0.0
0.4019
0.0
0.0
0.5423
0.0
0.0
0.34
0.4019
0.34
0.2263
0.0
0.6808
0.0
0.0
0.0
0.4939
0.0
0.0
0.5106
-0.25
0.0
-0.296
0.0498
0.0
0.0
0.0
0.0
0.0
0.0
0.0
0.0
0.0
0.0
0.0
0.0
0.0
-0.3818
0.0
0.0
0.6808
0.0
0.0
-0.4215
0.0
-0.8402
0.4939
0.4939
0.0
0.34
0.0
0.0
-0.8957
0.6341
0.0
0.6249
0.2732
0.0
0.0
0.0
0.0
-0.1207
0.2732
0.6249
0.3818
-0.0772
0.0
0.0
-0.1027
-0.296
-0.296
-0.296
0.0
0.3182
0.0
0.0
0.0
0.2732
0.0
0.0
-0.0772
-0.3182
0.0
0.0
-0.8957
0.3818
0.3182
0.0
0.3919
0.2732
0.0
0.0
0.3818
0.0
0.0
0.0
0.0
0.0
-0.296
0.2716
0.2716
0.5719
0.0
0.0
0.0
-0.4215
0.2716
-0.6602
0.0
0.2732
0.0
-0.2732
0.5719
0.0
0.0
-0.4767
0.0
-0.9164
0.0
-0.2732
0.0772
0.7096
0.5106
-0.34
0.3818
0.6486
0.0
0.4404
0.4019
0.0
0.3612
0.0
0.7184
0.0
0.0
0.5574
-0.3612
0.0
0.0
-0.2023
0.296
0.0
0.2732
0.0
0.0
0.0
0.0
0.0
0.0
0.0
0.2263
0.0
0.0
0.0
0.0
0.4019
0.6705
0.0
0.0258
0.34
0.0
0.0
0.0
0.0
0.0
0.0
0.0
0.0
0.2023
0.0
0.0
-0.296
0.0
0.0
0.0
0.0
0.0
0.0
0.3182
0.5859
0.0
0.0
0.0
0.0
0.0
0.0258
0.0
0.4939
0.0
0.0
0.0772
-0.4357
-0.5719
0.5574
0.0
0.0
0.0
0.0
0.0
0.34
0.0
0.0
0.4588
0.3182
-0.296
0.2732
0.3089
0.0
-0.296
0.3818
0.2732
0.0
0.0
0.4939
0.6369
0.0
-0.5106
-0.1027
-0.3818
0.0
0.0
0.0
0.4939
0.0
0.7615
-0.3875
-0.296
-0.296
0.0
0.0
0.0
0.0
0.0
0.0
0.0
0.0
-0.3875
0.0
0.4939
0.0
0.4939
0.1808
-0.3089
-0.5423
-0.4215
0.5994
0.0
0.25
0.4019
0.0
0.0
0.0
0.0
0.1027
0.4019
0.518
0.0
0.2732
-0.5574
0.0
0.2732
-0.128
-0.5574
0.6249
0.0
-0.802
0.0
0.0
0.0
0.5574
0.0
0.0
-0.7351
0.0
0.0
0.0
0.0
0.0
0.0
0.0
0.2263
0.6115
0.0772
0.0
0.0772
0.3182
0.0
0.5267
-0.4449
-0.5764
0.0
0.4391
0.3612
0.0
0.0
0.0
0.0
-0.3182
-0.5574
-0.2732
0.0
0.0
0.0
0.0
0.0
0.0
-0.7003
0.0
-0.3818
-0.4215
0.0
-0.4215
-0.5267
0.0
0.3182
0.3182
0.3182
0.0
0.0
0.0
0.0
0.0
0.0
0.0
0.0
0.0
0.2732
0.0772
0.0
0.0
0.0
0.0
0.0772
0.0
0.0
0.0
0.0
0.0
0.4019
0.296
0.2263
0.3612
0.0
0.3612
0.6249
0.3612
-0.4019
-0.481
0.0
0.0
0.2292
0.4404
0.0
0.4939
0.4404
0.0
0.0
0.0
0.0
0.0
0.4939
0.7043
0.0
0.0
0.081
0.0
0.0
-0.5574
0.0
0.0
-0.2755
-0.7845
0.6369
0.0
0.0
0.3612
-0.8129
0.0
-0.4588
0.0
0.0
0.0
0.0
0.0
-0.8885
0.0
0.0
-0.4588
0.0
0.0
0.0
-0.4404
-0.7645
0.0
0.0
-0.4588
0.5574
0.0
0.0
0.0
0.0
0.0
0.0
0.0
0.2023
0.0
0.0
0.0
0.3182
0.0
0.0
0.0
0.0
0.0
0.0
0.0
0.296
-0.4404
-0.2052
0.0
-0.8126
0.6486
0.0
0.0
0.0
0.2263
0.0
0.0
0.3818
0.0
0.3476
-0.2263
0.0
0.6486
0.4019
0.4215
0.0
0.5267
0.2263
0.0
-0.4019
0.2023
0.0
0.0
0.0
0.3182
-0.5423
-0.6968
0.0
0.0
-0.5106
-0.5106
0.0
0.0
-0.5423
0.0
0.0
0.0
0.0
-0.3818
-0.4767
0.3818
0.0
0.0
0.0
0.0
0.0
0.0
0.0
0.0
0.0
0.0
0.0
0.3612
0.0
-0.3612
0.0
0.0
0.0
0.4019
0.3612
-0.4973
-0.6249
0.0
-0.1027
0.0
0.0
0.0
0.0
0.0
0.2263
0.2732
-0.1761
0.0
0.0
-0.4767
-0.5256
0.0
0.0
-0.296
0.0
0.4215
-0.4588
0.0
0.34
0.34
-0.7269
0.5994
0.3089
-0.5423
0.34
0.6249
0.7121
0.7713
0.0
0.296
0.0
-0.2755
0.3612
0.2732
0.2277
0.0
-0.4939
0.0
-0.1761
0.0
0.0
0.0
0.0
0.296
0.2732
-0.3818
0.0
0.0
0.0
0.0
0.0
-0.5106
0.0
0.4404
-0.1695
0.3612
0.7506
0.0
0.6682
0.0
0.2732
0.3612
-0.3818
0.0258
0.0
0.0
-0.7506
-0.5106
0.0
-0.4215
-0.3818
0.0
0.0
0.0
0.0
0.0
0.0
-0.5574
-0.2411
0.0
0.0
0.0
0.0
0.0
-0.5574
0.2732
0.2732
0.0
0.0772
-0.7269
0.0
0.0
0.0
0.5696
-0.2204
-0.6705
0.0772
0.4019
0.4019
0.0772
0.0
0.0
0.4019
0.0
0.0
0.0
0.4019
0.0
0.0
0.0
0.0
0.0
0.4019
0.0516
0.0
0.0
0.5719
0.0
0.5719
0.0
0.5719
0.0772
0.5719
0.0772
0.5719
-0.3818
0.0
0.0
0.0
0.0
0.0258
0.0
0.0
0.0
-0.4019
0.5574
0.0
0.0
0.0772
0.0
0.0772
0.0
0.0
0.0
0.7506
0.0
0.4215
0.0
0.0
-0.5106
0.5106
0.0
0.0
-0.296
0.3612
0.0
0.0
0.6249
0.0
0.0
0.0
0.0
0.0
0.3182
0.0
0.0
0.0
0.0
0.0
0.0
0.0
0.0
0.0
0.0
0.2584
0.0
0.2584
0.5267
0.0
0.0
0.0
0.5267
0.5574
0.0
0.0
0.3182
0.0
0.0
0.0
0.4588
0.0
0.0
0.0
0.4019
0.0772
0.0
-0.5106
-0.296
0.0
0.0
0.0
0.2023
0.0
0.0
-0.3182
-0.1511
0.4023
0.4023
0.0
0.0
-0.4023
0.0
0.0
0.0
0.0
-0.1027
-0.1027
-0.0258
0.0
0.0
-0.2057
-0.4019
-0.7351
0.0772
0.34
0.0
0.3182
-0.1877
-0.4023
0.0772
-0.5106
0.0
0.0
0.0772
0.4585
0.0
0.0
0.0
0.2263
0.144
0.0
0.0
0.4215
0.4404
0.6866
0.0
0.2732
0.0
0.0
0.5106
0.0
-0.4939
0.0
-0.2023
0.0
-0.3612
-0.2732
0.0
0.4215
0.0
0.25
0.0
0.5719
0.0
0.2978
0.0
0.0
0.0
0.0
0.25
0.0
0.0
-0.296
0.0
0.2732
0.0
0.0
0.0
-0.6486
0.0
-0.4404
0.0
0.0
0.0
0.6908
0.7579
0.0
-0.25
0.0
0.0
0.0
0.2023
0.8316
0.8481
0.0
0.0
0.0
0.3612
0.0
0.0772
0.0
0.6908
-0.0572
0.6249
0.0
-0.6808
-0.296
0.4404
0.0
0.0
0.3818
0.0
0.0
-0.4767
0.0
0.0
-0.4767
0.0
0.7783
0.4005
-0.3167
0.0
0.0
0.0
0.0
0.0
-0.762
0.0
0.0
0.0
0.8882
0.296
0.6597
0.0
0.0
0.3182
0.0
-0.7346
0.0
0.1316
0.4552
0.128
0.0
0.0
0.0
0.0
0.0
0.4449
0.0
0.0
0.0
0.0
0.0
0.0
-0.2263
0.0
-0.4215
0.0
0.0
-0.34
0.765
0.4588
0.0
0.4449
0.0772
0.296
0.4449
0.0
0.3612
0.0
-0.4173
0.683
0.2732
0.0
0.0
0.0
0.0
0.296
-0.3412
0.0
-0.0572
0.0
0.4404
0.0
0.0
-0.6124
0.0
0.0
-0.3412
0.0
0.0
0.0
0.3818
0.0
-0.296
0.0
0.0
0.0
0.672
-0.4585
0.4767
0.0
0.0
0.0
0.0
0.0
0.0
0.0
0.0
0.0
0.0
0.0
0.0
0.4939
0.25
0.0
-0.6249
0.0
0.0
0.5719
-0.296
0.0
0.0
0.0
-0.5423
-0.4404
-0.4404
0.5423
0.25
0.0
0.3612
0.3612
0.5574
0.5574
0.0772
0.0
0.0
0.0
0.4019
0.0
0.0
0.0
0.8074
0.1779
0.0
0.4939
0.2263
0.0
0.34
0.4939
0.4019
0.6872
0.0
0.4404
0.0
0.0
0.3612
0.0
-0.296
-0.296
0.8316
-0.3612
0.0
0.0258
0.3612
0.0
0.3612
-0.128
0.204
-0.6908
0.0
0.0
0.6597
0.7184
0.0
0.0
0.0
0.0
0.0
-0.0516
0.6486
0.0
0.0
0.3612
0.3612
-0.3612
0.0
-0.2235
-0.3182
-0.4019
-0.7351
-0.5859
0.0
-0.4023
0.1601
0.0
-0.3612
0.0
0.0
0.0
0.7269
0.4404
0.0
0.0
0.8667
-0.4341
0.0
0.481
0.5859
0.0
-0.3182
0.0
0.0
-0.3182
-0.3412
0.0
-0.3412
0.0
-0.3818
0.7096
-0.5927
0.0
0.25
0.0
0.1027
0.0
0.0
0.3612
-0.296
0.0
0.0
0.1027
0.0
0.0
0.6249
0.0
0.5598
-0.4717
0.033
-0.4717
-0.6435
-0.4717
0.5267
0.5719
0.0
0.0772
0.6249
0.0
0.3612
0.0
-0.7906
-0.7777
0.1779
0.0
0.0
0.5574
0.0
0.7783
0.0772
0.0772
0.8442
0.6705
-0.34
0.6249
0.3612
0.0
0.5574
0.5499
0.0
0.0
0.7351
0.6705
-0.3151
0.8834
0.0
0.4588
0.0
0.4404
0.0
-0.1027
0.0
-0.0258
0.0
0.0
0.0
0.3612
0.6249
-0.4717
-0.7306
0.0
0.0
-0.4717
0.0258
-0.4717
0.3612
0.6249
0.5267
0.5859
0.0
0.0
0.0
0.0772
0.0
0.0
0.0
0.0
0.6369
0.1027
0.7209
0.0
0.3818
0.0
-0.5423
-0.2732
0.4576
-0.7184
-0.765
0.0
-0.5267
-0.3612
0.34
0.0
0.0772
0.8473
0.0
0.0
0.7783
0.0
0.5719
0.6369
0.0
-0.4019
0.0
0.0
0.4019
0.0
0.5267
0.0
-0.5859
0.2732
0.3612
0.2023
0.4678
0.2263
0.0
0.0
0.0624
0.0
-0.0572
0.0
0.2023
0.0
-0.0408
-0.3612
-0.3182
0.296
-0.6249
0.5719
-0.5106
-0.4767
-0.4767
-0.3818
-0.296
0.0772
-0.4767
0.5719
0.0
0.0644
0.0
0.3384
0.3818
0.3182
0.0
0.0
-0.5267
0.0
0.0
0.0
0.0
0.0
0.0
0.4019
0.742
0.0
0.0
0.2023
-0.5106
0.0
-0.1027
-0.4767
-0.4767
-0.5256
0.0
0.0
0.3182
0.0
-0.5574
0.0
0.0
0.0
0.0
0.0
0.0
0.0
0.0
0.0
0.0
0.0
0.3384
0.5719
0.0
0.0
0.0
0.0
0.0
0.0
0.3612
0.0
0.0
0.1189
0.0516
-0.3818
-0.34
0.0
-0.128
0.0
-0.505
0.1027
0.0
-0.7351
0.0
0.3818
0.6908
0.5859
0.4939
0.0
0.0
0.0
0.0
0.0258
-0.2411
-0.4767
0.0
0.0
0.1531
0.0
0.3182
-0.6843
-0.1952
0.0
0.5252
0.1764
0.0
0.0
0.0
0.0
0.0
-0.4939
0.2058
-0.2263
0.0
-0.4767
0.7845
-0.3237
0.0
0.0
0.0
0.0
0.0
-0.1139
0.0
0.4019
0.0
0.3476
0.0
0.0
0.0
0.0
0.0
-0.4019
0.1027
0.0
-0.0772
0.0
0.0
0.0
0.7783
0.3182
0.34
-0.7992
-0.296
-0.7003
0.3182
-0.34
0.0
0.0772
0.3182
0.7096
0.4588
0.0
0.0
0.0
0.0
0.0
0.0
0.0
-0.4404
-0.4883
0.0772
-0.34
-0.5574
-0.1027
0.0
0.0
0.0
0.0
0.0
0.6249
0.3612
0.0
0.0
0.0
0.1531
-0.7543
0.0
0.0
-0.1027
-0.4019
0.0
0.6154
-0.3818
0.0
-0.6369
-0.0572
0.3724
0.2584
0.0
0.0
0.0
0.0
0.4215
0.0
0.0
0.0
0.296
-0.5574
0.0
0.0
0.4588
-0.296
0.0
0.0
0.0
0.0
-0.5994
-0.5994
0.0
0.0
0.0
0.2732
0.2732
-0.4019
0.2732
0.0
0.0
0.2732
0.2732
-0.4019
0.2732
0.0
0.0
0.0
-0.4019
0.0
-0.5423
0.2732
0.0
-0.296
0.0
0.0
0.0
0.0
-0.4767
0.0
0.0
0.0
-0.2732
0.0
-0.4767
0.0
0.0
0.0
0.0
0.4284
0.0
0.7051
-0.2177
0.0772
0.0
0.0
0.4278
0.0
0.0
0.0
0.0
0.0
0.0
0.0
0.0
0.0
-0.6808
0.0
0.0
0.0
0.0
-0.6113
0.0
0.0
0.4466
0.0
0.4404
0.0
0.0
0.0
0.0
0.0
-0.296
0.0
0.0
-0.3875
0.0
0.0
-0.4019
0.0
0.0
0.1027
-0.0387
-0.1531
0.0
0.0
0.0
-0.25
-0.2933
0.7669
0.0
-0.3252
0.0
0.0
0.0
0.0
0.0
0.2263
-0.25
-0.3818
-0.3818
0.0
0.0
-0.3818
0.7964
0.0
-0.3818
-0.3818
-0.6124
0.0
0.0
-0.296
-0.5574
0.1406
0.0
0.0
-0.296
-0.5574
0.2732
-0.4019
0.0
0.0
0.4215
-0.6913
0.0
0.4576
0.0
0.0
0.0
-0.3071
0.0
0.2732
0.0
0.6249
0.0
0.6798
0.0
-0.296
0.6705
0.0
0.0
0.7579
-0.2263
0.0
0.0
-0.4019
-0.0772
0.0
0.0
0.4466
0.0
0.6249
0.6597
0.0
0.4588
0.8271
0.8173
0.0
0.5106
-0.2755
0.0
0.2732
-0.5733
0.0
0.0
0.0
0.3818
0.0
0.3818
0.3818
0.0
-0.296
0.3818
0.3818
0.0
0.3818
0.3182
0.8834
0.0
0.0
0.0
0.3612
0.875
-0.2263
0.0
0.0
0.6166
0.6283
0.0
0.7783
0.0
0.4019
-0.0772
0.4939
0.7003
0.3612
0.0
0.4215
0.0
0.4215
-0.296
0.0
0.0772
0.0772
0.0
0.9587
0.5719
0.9022
0.0
0.0
0.0
0.0
0.0
0.0
0.0
0.5719
-0.4717
0.0
0.2975
0.0
0.0
0.0
0.9022
0.4019
0.4019
0.0
0.6369
0.6369
0.0
0.2023
0.0
0.2023
0.0
0.0
0.0
0.3384
0.0
0.0
0.7184
0.0
0.0
0.8396
0.4927
0.3384
0.4404
0.6297
0.6486
0.7906
0.5859
0.0
0.5267
0.5994
0.3182
0.3353
0.0
0.0772
-0.802
-0.3612
0.6249
0.5994
0.0
0.4019
0.0
0.3384
0.607
0.3089
0.743
0.5267
0.2732
0.8004
0.0
0.0
-0.4767
0.3182
-0.6908
0.0
0.7049
0.2732
0.7783
0.0
0.4404
0.0
0.0
0.5927
0.4939
0.0
0.0
-0.2732
0.5574
0.2023
0.0
0.2732
0.2617
0.7351
-0.4201
0.296
0.0
0.5719
-0.3804
0.0772
0.5859
-0.4404
0.0
0.7906
0.0516
0.0
-0.0762
-0.0762
0.0
0.6124
-0.2732
0.4215
0.0
0.0516
0.0
0.0
0.0
0.0
0.5795
0.0
-0.6486
-0.6486
0.7178
0.2486
0.8402
0.0
0.0
0.0
0.743
0.0
0.0
0.0
0.8601
0.9136
0.4767
0.0
0.8658
0.6249
0.0
0.0
-0.8689
0.0387
0.0
0.0
0.0
0.0
0.0
0.0
0.0
0.2732
0.0
0.0
-0.7096
-0.3089
0.2263
0.0
-0.5485
0.0
0.0
0.1506
-0.3818
0.0
0.5574
0.0
0.0
0.0
0.0
0.0
0.0
0.0
0.0
0.0
0.0
0.3818
0.8442
0.34
0.4588
0.7579
0.0
0.0
0.0
-0.4767
0.5574
0.0
0.7003
0.0
0.0
0.0
0.0
0.0
0.0
0.0
0.4215
0.0
0.0
0.4939
0.0772
0.8779
0.8402
0.8957
0.2732
0.7227
0.4927
0.0
0.4215
0.6694
0.0
0.0
0.0
0.0
-0.4767
0.4939
0.0772
0.0
0.4215
0.5719
-0.4019
0.4466
0.0
0.0
0.6573
0.0
0.0
0.4019
0.0
-0.2795
0.0
0.0772
-0.1531
0.0
0.0
-0.2263
0.0772
0.0772
0.4767
0.5994
-0.34
0.4767
0.7351
-0.3875
0.0
0.0
0.7783
0.0
0.0
0.0
0.0
-0.1027
-0.2023
-0.1027
-0.7147
-0.3612
0.3818
0.0
0.0
0.0
0.0
0.0
0.0
0.0
0.0
0.0
0.0
0.0
0.0
0.0
-0.4019
0.0
-0.4019
-0.296
0.0
0.0
0.0
0.0
0.0
0.0
0.0
0.0
0.0
0.25
0.0
0.0772
0.0772
0.0
0.0
0.0
0.4939
0.5994
0.0
0.0
0.0
0.0
0.4215
0.0
0.0
-0.6808
0.0
0.0
0.0
0.0
0.0
0.0
0.0
0.3612
0.0
0.0
0.0
0.2023
0.9413
0.0
0.0
0.0
0.296
0.0
0.0
0.0
0.0
0.0
0.0
0.0
0.0
0.3612
-0.296
0.0
0.0
0.25
-0.296
-0.0286
-0.5302
0.0
0.2023
0.0
-0.7115
0.0
-0.3612
0.0
0.0
0.4588
0.0
0.4939
0.0
0.0
-0.5106
0.3612
0.0
0.0
0.0
0.0
0.0
0.0
0.0
0.0
0.0
0.0
0.0
-0.3818
-0.0572
0.0
0.0
0.0
0.0
0.7096
0.5719
0.7096
0.4019
-0.3818
0.8658
0.3612
0.0
0.2732
0.3182
0.4404
0.0772
-0.5994
-0.5994
-0.2023
0.3182
0.0
-0.296
0.34
0.5423
-0.7506
0.4728
0.0
0.0
0.4939
0.4939
0.0
0.0
0.7783
0.0
0.4005
0.0
0.0
0.0
0.0
0.0
0.0
-0.4939
0.8072
0.8126
0.0
0.0
0.0
0.3612
0.0
0.101
0.5719
-0.7269
0.0
0.0387
-0.5719
0.0
0.3818
0.1386
0.0
-0.128
0.0
0.0
0.0
0.0
0.0
-0.0572
0.0
-0.0572
-0.3818
-0.1027
0.0201
0.0
0.0
-0.5423
-0.2057
-0.5423
0.3612
0.6808
0.0
0.0
-0.296
0.6249
-0.296
-0.296
-0.5938
0.0
0.4847
0.4939
0.0772
0.0
0.0
0.0
0.3182
0.0
-0.7391
0.2023
0.4215
0.0
-0.1511
0.0
0.128
0.0
0.0772
0.0
-0.5859
0.0
0.2732
-0.296
0.0772
0.0
-0.7906
0.0
0.0772
0.128
0.0772
0.3818
0.3818
0.0
-0.2023
0.0
0.0
0.0
0.0
0.7783
0.3818
-0.296
0.0
0.0
0.0
0.0
0.0
-0.4215
0.0
0.0
0.0
0.128
-0.8957
-0.8957
0.0
-0.8555
-0.2732
0.2732
0.0
0.0
0.0772
0.0
0.2732
0.128
0.0
0.4404
-0.296
0.0
-0.296
0.0951
0.1779
0.0
0.8481
0.3818
0.0
-0.296
0.0
0.5423
0.0
0.3182
0.0
0.0
0.4938
0.7034
0.0
0.25
0.0
0.0
0.4215
0.0
0.0
0.7096
0.0
0.0
0.0
0.0
0.0
0.4939
0.0
0.2263
0.3848
-0.5574
0.0
0.2732
0.0
0.0
0.0
0.0
-0.6249
0.6948
0.0
0.0
0.0772
0.3612
0.0
0.7089
0.0
0.0
0.0
0.0
0.0
0.4019
0.0
0.0
-0.4277
0.0
0.4215
-0.296
0.0
0.4404
0.0
0.4215
0.0
0.0
0.0
0.0387
0.0
0.0
0.0
0.6369
0.4019
-0.3536
-0.6643
0.5267
0.0
0.0
-0.296
0.2023
0.6408
0.4404
0.3612
0.7964
-0.765
0.0
-0.296
-0.765
-0.2801
0.0
0.0
0.0
0.2732
-0.4939
-0.6249
0.7089
0.0
0.0
0.0
-0.3182
0.0
0.0
0.0
0.0
0.0
0.7096
0.0
0.0
0.0
-0.367
0.0
0.0
0.0
0.0
0.0
0.0
0.6908
-0.2263
0.0
0.3384
0.0
-0.9167
0.0
0.1273
0.0
0.0
0.0
0.0
-0.6995
0.3089
0.0
0.0
0.0
-0.4767
0.0
0.0
0.0
0.0
0.0
0.0
0.0
0.0
0.0
0.0
0.0
-0.4588
0.0
0.3612
0.7579
0.2144
0.0
0.0
-0.0572
0.0
-0.5423
0.0
0.0
0.2263
0.0
0.0
0.0
0.0
-0.2023
-0.5859
0.0
0.0772
0.0
-0.4019
-0.34
0.9001
0.6808
0.0
-0.7501
0.0
0.357
0.357
-0.5267
0.0
-0.7537
-0.6956
0.0
0.0
0.0
-0.34
0.0
-0.0857
0.9042
0.5859
0.4404
0.0
0.0772
-0.5256
0.0
0.0
0.0
-0.5324
0.0
0.0
0.0
0.0
0.0
0.0
-0.4019
0.0
0.0
-0.3182
-0.5267
0.0
0.5106
0.8934
0.5423
-0.4215
-0.4717
0.4767
0.296
-0.3089
0.7426
0.4939
0.0
0.34
0.0772
0.3818
0.0
0.0
0.0
0.0
-0.7845
0.0762
-0.7096
-0.296
-0.6369
0.0772
0.0
0.2732
0.4588
0.6249
0.0
0.7964
0.6369
0.5719
0.4939
0.7579
0.0
-0.5445
-0.6324
-0.2411
0.4576
0.128
0.5574
0.0
0.0
0.0
0.0
0.3182
0.0
0.0
-0.7271
0.8122
0.0
-0.0516
0.0
-0.8225
0.0
0.6486
0.0
0.0
0.5106
0.0
0.0
0.3384
0.2716
0.0
-0.6124
0.0772
0.0
0.1779
0.296
0.0
-0.3954
0.0
0.0
-0.6249
-0.6249
0.0
0.0
0.0
-0.431
0.0
0.0
0.0
0.1531
0.0
0.0
0.4767
0.0
0.0
-0.749
0.3612
0.0
0.34
0.0
0.3658
0.0
0.0
0.0
0.0
0.7579
0.0
0.34
-0.631
0.0
0.0
0.0
0.3384
0.0
0.0
0.5994
0.0
0.0
-0.2732
-0.0516
0.2263
0.3182
0.0
0.0
0.2023
-0.296
0.0
0.0
0.0
0.0
0.0
0.0
0.0
0.0
0.0
0.0
0.4939
0.0
0.0
0.0
0.4939
-0.8002
-0.296
0.0
0.145
0.1779
0.0
0.0
0.2235
0.0
0.4939
0.0
0.368
-0.3612
0.3182
0.0
0.0
-0.5525
0.0772
0.0
0.0
0.5563
-0.3822
0.0
0.0
-0.0516
-0.5499
-0.2411
0.8968
0.5499
0.4939
0.5267
0.5023
0.4927
0.0
0.3182
0.0
-0.7103
-0.4902
0.6369
0.6369
0.3384
0.0
0.0387
0.8699
0.2732
-0.4748
-0.6808
0.1027
0.34
0.2732
-0.6249
-0.6808
0.0
0.0
0.0
0.3182
0.0
-0.6249
0.4936
0.0
0.5106
0.4215
0.0
0.0
-0.7906
0.0
0.0
0.5106
0.5106
-0.296
0.0
0.4019
0.4019
0.0
0.4019
0.4902
-0.9349
-0.3716
0.0
-0.3612
-0.25
0.0
0.4019
0.0772
0.0
0.1027
0.0
0.0
0.3612
0.4019
-0.5849
-0.7027
0.0
0.0
0.2023
0.0
0.0
0.0
0.2732
-0.1263
0.0
0.3716
0.0
-0.0572
-0.0258
0.0
0.0
0.0
0.0
-0.7717
-0.8481
0.0258
0.0
0.6597
0.2732
0.0
0.1531
-0.6249
0.0
-0.1761
0.0
-0.3182
0.0
0.3902
-0.4019
0.6486
0.1779
0.6249
0.0
-0.3182
0.0
0.2732
0.0
0.0
-0.296
0.0
0.0
-0.296
0.0
-0.7783
0.0
0.0
0.0
0.0
0.0
0.3182
0.0
0.0
-0.2023
0.0
0.0
-0.022
0.2732
0.0
0.296
0.5719
-0.1531
0.0
0.0
0.128
-0.128
0.0
0.0
0.0
-0.5499
0.0
-0.4023
0.0
0.0
0.1027
0.0
0.0
0.0
0.0
-0.5106
-0.5106
0.0
-0.1779
0.0
0.0
0.6369
0.128
0.0
0.0
0.0
0.0
-0.6249
0.0
0.0
0.0
0.0
0.4767
0.0
0.0
0.0
0.0
0.0
0.0
0.5106
0.0
-0.8442
-0.8074
0.0
-0.4767
-0.3412
-0.3412
0.0
-0.5267
0.4404
0.0
0.0
0.0
0.0
0.0
0.4588
0.0
0.0
0.296
0.0
0.0
0.3818
0.0
0.4939
0.0
-0.0286
0.0
0.0
0.0
0.0
-0.1761
-0.2944
0.6249
0.0
0.0
0.6124
0.0
0.0
0.5106
0.0
0.6124
0.4576
0.4404
0.0
0.4939
0.0
0.0
0.0
0.0
0.0
0.2057
0.0
0.0
0.0
0.3182
0.0
-0.2732
-0.7424
0.0
0.0
0.0
0.0
0.0
0.0
0.0
0.1531
0.0
0.0
-0.6369
0.0
0.0
0.0
0.0
0.2235
0.0
-0.4033
0.2732
0.0
-0.6939
0.0
0.2732
0.2732
0.5719
0.0
-0.6486
0.4588
0.0
-0.5142
0.5346
0.0
0.2732
0.0
0.34
0.507
-0.0772
0.0
0.0
0.0
0.3182
0.3612
-0.886
-0.6808
0.0
-0.8481
0.0
0.0
0.0
-0.5574
0.8074
0.0
0.0
-0.0772
0.4451
-0.34
-0.4019
0.0
0.4019
-0.4404
0.6369
0.0
0.7906
-0.5106
0.0772
0.0
0.296
-0.5267
0.3612
0.0
0.0
0.8016
-0.4939
0.882
0.0
-0.8402
0.7579
0.0
0.6557
0.0
-0.1027
0.0
-0.4019
0.0
0.0738
-0.3875
0.3089
-0.7003
0.0
-0.3182
-0.497
0.0
-0.1326
0.0
0.0
-0.6712
0.4588
-0.3559
0.842
0.8286
-0.4767
0.4754
0.0
0.0
0.4588
0.0
0.0
0.7717
0.8074
0.0
0.0
0.0
-0.2263
0.5095
0.0772
0.0
0.9696
0.6486
0.4019
0.0
0.0
0.3612
0.0
0.0
0.0
0.4166
0.0
0.0
0.0772
-0.5574
-0.7269
0.5267
-0.4939
0.0
0.34
0.0
0.3612
0.4404
-0.296
0.0
0.0
0.3134
0.0
0.6249
0.3612
0.0
-0.204
-0.765
0.3612
0.0
